Flow	%O2	%CO2	BP	ECG	SpO2	FeO2	FeCO2	MCA	PCA	Volume	VT	Fb	VI	VE	FIO2	FICO2	PETCO2	PETO2	VO2	VCO2	RER	PO2	PCO2	MAP	MCAv	PCAv	HR	Ambient Temp	Humidity	Barometric Pressure	Water Vapour Pressure	 	 
Mean	Mean	Mean	Mean	Mean	Mean	Mean	Mean	Mean	Mean	Mean	Mean	Mean	Mean	Mean	Mean	Mean	Mean	Mean	Mean	Mean	Mean	Mean	Mean	Mean	Mean	Mean	Mean	Mean	Mean	Mean	Mean	Time	Cmt Text
L/s	%O2	%CO2	mmHg	V	%	%O2	%CO2	cm/s	cm/s	L	L	BPM	L/min	L/min	%O2	%CO2	mmHg	mmHg	L/min	L/min	 	mmHg	mmHg	mmHg	cm/s	cm/s	BPM	°C	%	mmHg	mmHg	s	 
0.003693875158	14.35061389	5.498745426	84.53125	-2.018197141	97.1875	19.60739708	1.542358398	27.65625	26.15625	1.055815339	-1.352865219	4.540295124	6.820373058	#NUM!	#NUM!	#NUM!	#NUM!	#NUM!	#NUM!	#NUM!	#NUM!	96.88415527	37.12324142	56.2242775	37.21697617	32.23071289	70.15428162	23.79999924	20	722.1220093	4.403783321	4.575	 
0.003693875158	13.42309147	5.688357679	34.21875	-2.018934961	97.40625	19.5416069	1.59740901	33.96875	27.5625	0.8998695016	-1.553730845	4.482629776	7.733537197	#NUM!	#NUM!	#NUM!	38.58301926	89.787323	#NUM!	#NUM!	#NUM!	90.62224579	38.40335464	56.2242775	41.33012772	33.70172119	76.83911896	23.79999924	20	722.1220093	4.403783321	17.79	 
0.009604074992	12.89749543	5.794806663	16.59375	-2.017530722	126.09375	19.13354301	1.925144911	34.4375	31	0.9425649643	-1.51825583	4.045853138	6.820631504	#NUM!	20.71960068	#NUM!	39.23430634	86.23890686	#NUM!	#NUM!	#NUM!	87.07383728	39.12201309	22.0967598	44.23993301	36.91666794	81.67723846	23.79999924	20	722.1220093	4.403783321	31.175	 
0.01182040013	12.49556905	5.931194424	76.03125	-2.018482749	96.40625	18.79141235	2.179949999	35.90625	31.9375	0.8767325878	-1.678990841	4.914004803	9.161222458	9.17999649	20.71960068	0.08980641514	40.08771515	83.52542114	#NUM!	#NUM!	#NUM!	84.3603363	40.04279709	76.77136993	45.79995346	37.80267715	85.49195099	23.79999924	20	722.1220093	4.403783321	46.005	 
0.008126525208	12.65015612	5.808112786	79.5625	-2.017673526	97.59375	18.48532104	2.371296883	36.4375	30.6875	1.215164661	-1.609533191	4.426411152	7.910814285	7.915533066	20.71960068	0.08980641514	40.11017609	83.31668854	0.1375876665	#NUM!	#NUM!	85.40398407	39.21184921	85.85367584	43.65539551	37.04430771	77.61588287	23.79999924	20	722.1220093	4.403783321	58.215	 
0.01108162571	12.58832129	5.811439317	78.53125	-2.018030536	97.4375	18.09126282	2.574725389	34.5	28.15625	1.099217534	-1.714296341	4.01472044	7.642064571	7.628249168	20.71960068	0.08980641514	39.79576111	83.10795593	0.1592950821	0.1482785344	0.9308418632	84.98653412	39.23430634	82.09767914	44.37789536	36.20807266	76.22167206	23.79999924	20	722.1220093	4.403783321	71.77	bl
0.01255917549	12.46465163	5.924541363	81.625	-2.017959134	97.4375	17.79860115	2.713784456	34.53125	30.53125	1.072508454	-1.668489575	4.071937561	7.543868542	7.51274538	20.7505188	0.08980641514	40.46950531	82.27303314	0.178019166	0.1541938037	0.8661640882	84.15161133	39.99788284	90.6506424	41.80035782	36.9442749	87.62917328	23.79999924	20	722.1220093	4.403783321	86.715	bl
0.01625305042	12.34098198	5.944500547	74.9375	-2.01781633	97.53125	17.47436714	2.888287306	36.40625	30.4375	1.175548434	-1.894242167	3.393665075	7.13795805	7.097915173	20.71960068	0.08980641514	40.78391647	80.60318756	0.1868392229	#NUM!	#NUM!	83.31668854	40.13262939	83.74212646	46.33399963	37.53462219	86.97337341	23.79999924	20	722.1220093	4.403783321	101.45	bl
0.005910200067	11.87722077	6.08754137	80.65625	-2.017197513	97.40625	17.20241165	3.026643753	35.03125	32.0625	1.276278019	-1.874971271	4.217926025	8.781386375	#NUM!	20.71960068	#NUM!	41.34537125	78.72462463	#NUM!	#NUM!	#NUM!	80.18572998	41.09833145	87.162323	44.41400528	37.75656891	80.49215698	23.79999924	20	722.1220093	4.403783321	119.13	110/57
0.009604074992	12.37189939	5.95780667	66	-2.017245114	97.46875	16.93431282	3.17094779	38.9375	35.875	1.242571354	-1.777442098	3.935716629	7.767634392	#NUM!	20.71960068	#NUM!	41.36782837	78.72462463	#NUM!	#NUM!	#NUM!	83.52542114	40.2224617	82.01773071	44.70833206	36.84466934	88.34838104	23.79999924	20	722.1220093	4.403783321	133.355	110/57
0.01108162571	12.24822973	5.984418916	72.0625	-2.015888477	97.375	16.74510956	3.26679492	37.46875	29.5625	1.180405378	-1.683379412	4.574914455	8.551346779	#NUM!	20.7505188	#NUM!	40.64916992	81.64684296	#NUM!	#NUM!	#NUM!	82.69049835	40.40213013	83.13745117	46.76574707	39.15550613	93.76974487	23.79999924	20	722.1220093	4.403783321	148.6	112/57
0.01255917549	12.15547749	6.027663816	112.125	-2.018054337	97.3125	16.50320053	3.410900593	40.46875	34.5	1.257448196	-1.706242085	4.43295145	8.398527145	#NUM!	20.7505188	#NUM!	40.94112396	81.22938538	#NUM!	#NUM!	#NUM!	82.06430817	40.69408417	81.28900146	45.87358093	35.92485046	94.48669434	23.79999924	20	722.1220093	4.403783321	161.715	112/57
0.01108162571	12.34098198	5.924541363	64.09375	-2.018792157	97.34375	16.34016991	3.49939394	49.1875	42.875	1.209352612	-1.949121118	3.942181349	8.53188324	#NUM!	20.7505188	#NUM!	40.9635849	81.02065277	#NUM!	#NUM!	#NUM!	83.31668854	39.99788284	78.03411102	45.60717773	37.90220261	87.61062622	23.79999924	20	722.1220093	4.403783321	175.25	112/59
0.008126525208	12.74290836	5.887949524	72.4375	-2.01853035	97.34375	16.25546837	3.550731182	53.59375	43	1.415595055	-1.726841092	5.385996342	10.32732773	#NUM!	20.7505188	#NUM!	40.82883453	81.22938538	#NUM!	#NUM!	#NUM!	86.03018188	39.75084305	84.69783783	44.48527908	36.57559586	88.96112823	23.79999924	20	722.1220093	4.403783321	190.47	112/59
0.03989385068	13.14483474	5.714969925	67.15625	-2.016507294	97.53125	16.18409157	3.595273256	33.9375	30.5625	1.177627683	-1.633666754	4.36046505	7.909804821	#NUM!	20.7505188	#NUM!	40.2224617	84.56906891	#NUM!	#NUM!	#NUM!	88.7436676	38.58301926	76.63964081	43.20660782	37.06426239	89.70497894	23.79999924	20	722.1220093	4.403783321	201.61	112/59
0.01477550063	12.99024767	5.841378094	71.21875	-2.017673526	97.59375	16.16604042	3.622610807	35.9375	30.5625	1.314727187	-1.721399426	4.192872047	8.014247894	#NUM!	20.71960068	#NUM!	40.06525803	85.82144928	#NUM!	#NUM!	#NUM!	87.70002747	39.43642807	78.00128174	44.57695389	35.58098602	81.60699463	23.79999924	20	722.1220093	4.403783321	215.37	112/59
0.02364080027	12.89749543	5.838051563	66.9375	-2.018268543	97.3125	16.17000961	3.636916637	38.34375	31.59375	1.194135427	-1.87833488	3.503649712	7.307405472	#NUM!	20.71960068	#NUM!	40.15508652	85.19525909	#NUM!	#NUM!	#NUM!	87.07383728	39.41397095	75.54970551	43.966362	37.45195389	81.78499603	23.79999924	20	722.1220093	4.403783321	229.68	112/59
0.008865299635	12.71199094	5.944500547	72	-2.017673526	97.59375	16.22746468	3.632765055	52.15625	44.84375	1.284488559	-1.871796012	4.728132248	9.826924324	#NUM!	20.7505188	#NUM!	40.28983688	84.98653412	#NUM!	#NUM!	#NUM!	85.82144928	40.13262939	83.92376709	44.13376617	37.65115738	88.38332367	23.79999924	20	722.1220093	4.403783321	246.805	112/59
0.009604074992	13.17575215	5.82474544	91.1875	-2.018411347	97.4375	16.22586823	3.658032179	36.53125	30.46875	1.457377553	-2.156733751	3.965631247	9.496823311	#NUM!	20.7505188	#NUM!	40.35721588	85.61271667	#NUM!	#NUM!	#NUM!	88.95240021	39.32414246	78.11032104	45.58963013	35.62475586	94.45876312	23.79999924	20	722.1220093	4.403783321	259.495	112/59
0.01477550063	13.51584371	5.764867886	74.28125	-2.01817334	98.3125	16.22661972	3.697274685	36.96875	30.03125	1.598973036	-2.018780947	3.486345053	7.815001488	#NUM!	20.7505188	#NUM!	40.15508652	86.44763184	#NUM!	#NUM!	#NUM!	91.24843597	38.91989136	81.92586517	43.02757263	37.1673317	86.51517487	23.79999924	20	722.1220093	4.403783321	274.625	112/59
0.008126525208	13.20666957	5.91456177	68.96875	-2.01779253	97.25	16.18379974	3.774340391	42	44.4375	1.535989046	-2.09171772	4.557538986	10.58529472	#NUM!	20.78143692	#NUM!	40.20000458	87.49129486	#NUM!	#NUM!	#NUM!	89.16113281	39.93050766	81.61334229	39.78194046	34.83171463	89.40765381	23.79999924	20	722.1220093	4.403783321	291.835	112/59
0.01846937463	13.51584371	5.731602579	76.28125	-2.017411719	97.625	16.12326813	3.868916988	36.90625	32.46875	1.643483877	-2.020318985	3.820439339	8.570433617	#NUM!	20.78143692	#NUM!	40.2224617	87.49129486	#NUM!	#NUM!	#NUM!	91.24843597	38.6953125	80.55702209	42.74569702	37.76245499	87.67552948	23.79999924	20	722.1220093	4.403783321	305	112/59
0.009604074992	13.57767854	5.744908702	106.40625	-2.017840131	98.53125	16.25569153	3.807970285	36.96875	31.03125	1.480992198	-2.038451672	3.409090996	7.716289997	#NUM!	20.7505188	#NUM!	39.39151001	89.57859039	#NUM!	#NUM!	#NUM!	91.66590118	38.78514481	78.76258087	41.21223831	35.22945023	81.3210907	23.79999924	20	722.1220093	4.403783321	320.705	112/59
0.01182040013	13.29942181	5.82474544	74.34375	-2.017697327	97.375	16.34806061	3.780669689	32.375	32.375	1.301062942	-1.811469913	4.672897339	9.399113655	#NUM!	20.7505188	#NUM!	40.2224617	87.07383728	#NUM!	#NUM!	#NUM!	89.787323	39.32414246	81.58638763	41.72599792	36.89163589	84.25375366	23.79999924	20	722.1220093	4.403783321	338.305	112/59
0.004432649817	13.51584371	5.651765841	98.46875	-2.018316144	97.3125	16.32744789	3.810308695	38.90625	34.4375	1.39140439	-1.400864244	6.837606907	10.63578796	#NUM!	20.7505188	#NUM!	40.24492264	87.28256226	#NUM!	#NUM!	#NUM!	91.24843597	38.15631485	81.64914703	47.62155533	40.16999817	95.86051941	23.79999924	20	722.1220093	4.403783321	351.145	112/59
0.006648975424	10.91878093	5.778174009	71.53125	-2.01707851	97.1875	16.32213783	3.796271563	34	28.0625	1.130486608	-1.611327171	6.888633728	12.3249836	#NUM!	11.81538582	#NUM!	39.18938828	46.78889084	#NUM!	#NUM!	#NUM!	73.71509552	39.00972366	81.12191772	42.30035782	34.49541092	88.93693542	23.79999924	20	722.1220093	4.403783321	359.92	forcing
0.01108162571	9.063736091	5.741582171	72.65625	-2.017554523	97.5	16.01104927	3.825951815	36.40625	29.65625	1.358898878	-1.344409585	8.791209221	13.12350178	#NUM!	11.84630299	#NUM!	39.21184921	28.62935829	#NUM!	#NUM!	#NUM!	61.19127274	38.76268768	82.53014374	43.79296875	37.22127914	89.15226746	23.79999924	20	722.1220093	4.403783321	368.63	forcing
0.01994692534	7.456030562	5.714969925	70.9375	-2.017649726	97.5	15.30568695	3.895498037	60.875	54.78125	1.059051394	-1.704022765	7.021650314	13.28568935	#NUM!	9.77483654	#NUM!	38.85251617	22.15871811	#NUM!	#NUM!	#NUM!	50.33730316	38.58301926	81.51163483	43.59741211	35.16739273	90.5537796	23.79999924	20	722.1220093	4.403783321	375.455	forcing
0.01477550063	5.941077276	5.701663802	102.875	-2.016055081	97.375	13.71888447	4.036032677	35.4375	26.53125	1.350741625	-1.996142507	9.08402729	20.13443565	#NUM!	8.167131424	#NUM!	38.5381012	18.81903458	#NUM!	#NUM!	#NUM!	40.10951996	38.49319077	85.4771347	45.76890182	34.33876038	102.5217972	23.79999924	20	722.1220093	4.403783321	384	forcing
0.04063262418	4.858967785	5.618500533	73.53125	-2.018411347	98.4375	11.96854782	4.184964657	42.9375	40.375	1.718703389	-2.217369556	15.4440155	38.02487946	40.51823807	6.806765079	3.848786116	37.99910736	18.19284248	-0.523412466	#NUM!	#NUM!	32.80395889	37.93173599	87.53899384	47.484375	38.01401901	111.7977524	23.79999924	20	722.1220093	4.403783321	390.605	forcing
0.01994692534	3.807775709	5.508725018	98.46875	-2.020624808	97.28125	10.94360828	4.239084721	43.03125	35.0625	0.9416154027	-0.3658058047	14.63414669	5.944118977	5.641700745	15.64914513	3.848786116	37.99910736	16.52299881	0.1653326452	#NUM!	#NUM!	25.70713234	37.19061661	89.00686646	53.42679214	42.85618973	109.991066	23.79999924	20	722.1220093	4.403783321	394.49	forcing
0.03841629997	10.70235903	4.164806592	80.5625	-2.018696955	97.53125	10.21140957	4.228735447	43.84375	42.28125	2.179530382	-2.372823238	12.76595783	33.634758	30.52152252	20.71960068	1.639969707	31.37395477	37.81348419	2.048487186	#NUM!	#NUM!	72.25398254	28.1175251	89.20797729	23.15896797	46.44213104	117.4337463	23.79999924	20	722.1220093	4.403783321	398.59	forcing
0.02216325141	12.80474319	4.33113313	71.5	-2.020029791	97.375	10.03876209	4.101576328	39.4375	37.53125	2.650476933	-1.62738502	13.04347801	23.56965637	21.7377243	20.7505188	0.06319417059	31.37395477	85.82144928	1.892000079	#NUM!	#NUM!	86.44763184	29.24043655	92.15595245	43.23319626	42.39249039	108.9033432	23.79999924	20	722.1220093	4.403783321	403.29	forcing
0.01846937463	13.20666957	4.690398452	69.3125	-2.016864304	96.40625	10.66738033	3.891528606	42.28125	21.09375	1.855878234	-1.681985855	7.687379837	14.35721493	13.30618095	20.7505188	0.06319417059	31.68836975	85.82144928	1.203797102	0.381213069	0.316675514	89.16113281	31.66591072	87.44509888	29.10687447	27.01624107	78.69259644	23.79999924	20	722.1220093	4.403783321	407.89	forcing
0.009604074992	13.17575215	5.142806635	78.28125	-2.01924437	95.25	12.25127792	3.555907011	38.4375	37.53125	1.40366745	-1.933545589	6.072874546	13.03821754	12.26238441	20.7505188	0.06652069837	35.102005	88.32621765	0.9412597418	0.3343787789	0.3552460074	88.95240021	34.72021866	68.43232727	34.66914749	31.02597427	77.2288208	23.79999924	20	722.1220093	4.403783321	415.695	forcing
0.01329795085	13.42309147	5.242602557	106.9375	-2.01745932	91.4375	13.67183399	3.348648071	34	35.9375	1.540161014	-1.665772915	7.8125	14.45024967	13.78910923	20.7505188	0.06652069837	35.82066727	88.53494263	0.8718028069	0.3537032604	0.4057147503	90.62224579	35.39396286	69.85121918	37.34753036	34.41132355	78.16565704	23.79999924	20	722.1220093	4.403783321	425.575	forcing
0.004432649817	13.88685268	5.03303112	65.3125	-2.01710231	91.375	14.37799072	3.309319973	27.5	23.625	1.505981088	-1.912075043	5.36193037	11.3840189	10.94689465	20.78143692	0.06652069837	35.8431282	89.16113281	0.6186115742	0.2774755359	0.4485456645	93.75319672	33.97909927	74.54564667	35.57476425	30.95382118	77.36823273	23.79999924	20	722.1220093	4.403783321	433.255	forcing
0.01625305042	14.13419199	5.043010712	61.21875	-2.018720755	96.375	15.07373714	3.332518578	55.5625	55.125	1.553110838	-1.360691786	8.152173996	12.31693649	11.94835186	20.78143692	0.06652069837	78.94029999	18.19284248	0.5085200071	0.165161863	0.3247893155	95.42303467	34.04647446	76.14576721	36.45949936	31.87239647	79.39434052	23.79999924	20	722.1220093	4.403783321	444.445	forcing
0.01108162571	10.17676299	6.539949553	78.34375	-2.029811862	97.375	14.95164871	3.714921713	44.3125	45.75	1.647961617	-1.780529499	15.50387573	30.65200996	27.50938034	20.78143692	6.223928928	85.99214935	5.042835236	1.238065004	0.03542345762	0.02861195244	68.70556641	44.1526413	92.4903717	37.35187531	32.72084808	89.68363953	23.79999924	20	722.1220093	4.403783321	451.805	forcing
0.06353465468	6.652177798	8.096765947	74.875	-2.026884381	97.59375	14.50289536	4.13217783	36.59375	39.3125	1.042198181	-1.702154279	24.69135857	46.66738129	46.78394699	10.76419353	7.667643547	86.75572968	-1.845263362	1.395838261	0.3460885286	0.247943148	44.91031647	54.66304779	87.45153809	41.7420578	35.92097092	95.98486328	23.79999924	20	722.1220093	4.403783321	455.675	forcing
0.02290202491	5.137224511	8.964990474	70.46875	-2.010057316	97.34375	14.08809853	4.451496601	14.5	39.84375	1.413449883	-1.689761043	1.336600542	2.507820606	2.468726158	19.60657501	0.2029084563	86.82310486	-2.053993464	0.09410372376	0.0323372297	0.3436338902	34.68253326	60.52462769	83.30325317	49.97977829	41.75842285	105.5492554	23.79999924	20	722.1220093	4.403783321	458.105	forcing
0.009604074992	15.98923683	4.567316814	75.28125	-2.018292343	97.3125	12.28548622	5.577111244	27.5	23.5	1.528710008	-1.820994973	7.905138493	15.98408413	12.99112511	33.17931747	0.06319417059	31.19429016	106.9032135	2.372723818	0.5356737971	0.2257632315	107.9468536	30.83496094	81.66891479	32.84892273	30.78577042	77.98161316	23.79999924	20	722.1220093	4.403783321	502.995	forcing
0.01477550063	15.95831941	4.607235183	71.40625	-2.017768729	98.40625	11.4872036	5.974668503	24.5625	23.53125	1.647365451	-1.793778896	8.037508011	16.00883865	12.94807529	33.17931747	0.06319417059	31.32904053	106.6944733	2.923241615	0.5616976023	0.1921488792	107.7381287	31.10445595	85.7143631	33.52955627	29.01174164	73.17972565	23.79999924	20	722.1220093	4.403783321	510.585	forcing
0.01773059927	16.08198907	4.544031099	124.84375	-2.017126111	98.28125	12.19522572	5.574636459	35.40625	34.53125	1.618353486	-1.511692047	8.474575996	14.2249527	11.54834652	33.17931747	0.06319417059	54.05667877	107.1119385	2.59014225	0.2911292315	0.1123989373	108.5730438	30.67775536	86.93314362	34.70401001	29.69952011	77.248909	23.79999924	20	722.1220093	4.403783321	518.05	forcing
0.01846937463	19.82299617	5.811439317	84.46875	-2.018220941	98.375	13.80185413	4.990710735	29.53125	23.53125	1.196015	-1.560595512	9.92555809	17.19945908	12.96291161	33.2102356	5.585235119	64.36496735	107.5293884	3.076956511	-0.08110558987	-0.02635903098	133.829422	39.23430634	92.71206665	35.1143837	29.22500038	76.44673157	23.79999924	20	722.1220093	4.403783321	525.13	forcing
0.009604074992	22.38914153	6.426847507	72.125	-2.016507294	98.46875	15.38737583	4.825415134	60.875	51.65625	1.252859235	-1.903945088	7.228915691	15.28259373	11.6516428	32.93198013	6.237235069	66.72307587	150.3191071	2.68648386	-0.2551009357	-0.09495718032	151.1540222	43.38906479	88.03383636	41.15784073	33.52973175	87.70989227	23.79999924	20	722.1220093	4.403783321	531.175	forcing
0.01108162571	23.13115946	6.849316913	78.78125	-2.017316516	98.40625	18.04892731	5.252923012	38.875	33.90625	1.517866969	-1.773084998	8.032128334	15.81356144	11.51973724	37.50775528	6.619786263	66.74552917	150.3191071	3.018861532	-0.3272619843	-0.1084057614	156.1635437	46.24124908	87.27522278	46.43688965	40.08981705	79.84895325	23.79999924	20	722.1220093	4.403783321	539.475	forcing
0.01699182577	26.59390983	6.929153651	69.84375	-2.014293833	98.53125	20.69051552	5.93908596	65.25	60.125	1.473525643	-1.957984328	10.3716507	22.54896355	16.09453201	41.00142288	6.629765987	61.49032593	155.5373535	4.57916832	-0.4166722894	-0.09099300206	179.5413513	46.78023911	89.16361237	55.99900436	50.50109863	84.26450348	23.79999924	20	722.1220093	4.403783321	546.945	forcing
0.04949792475	30.21124727	7.05556182	100.9375	-2.018244742	99.53125	22.77935028	6.410441399	59.34375	58.625	1.519348979	-1.625755787	7.623888016	13.76262665	9.917848587	42.3617897	6.609806538	58.95254898	177.8714905	2.763343096	-0.2089500129	-0.07561493665	203.9627686	47.63365173	92.87975311	58.08634567	54.55244064	71.94462585	23.79999924	20	722.1220093	4.403783321	552.73	forcing
0.01034285035	32.34454884	6.96907202	111.9375	-2.023457086	98.3125	26.00345421	6.830360889	69.625	64.59375	1.573461294	-1.957597852	10.8205595	23.52029228	17.73238182	42.82555389	6.536623001	55.44908905	201.6667328	4.254965305	-0.1907398105	-0.04482758418	218.3651581	47.04973984	87.39982605	61.15879059	53.72381592	78.81363678	23.79999924	20	722.1220093	4.403783321	560.6	forcing
0.01551427413	35.00344644	6.939133243	69.5	-2.016840503	98.40625	28.58776474	6.977323055	68.6875	49.1875	1.654353976	-2.069622993	9.230769157	21.2128315	17.0500145	42.88738632	5.322439194	52.32740402	215.2342072	3.29817152	-0.02248799801	-0.00681832293	236.3159637	46.84761429	90.47666168	60.92605209	56.66822433	73.75024414	23.79999924	20	722.1220093	4.403783321	566.145	forcing
-0.005171425175	37.3222525	6.729561806	90.6875	-2.017625925	98.5	31.60012817	7.019229412	58.125	52.71875	1.76737082	-1.915503621	8.941877365	19.01871681	16.07701302	42.88738632	5.225969791	47.45398712	233.8112183	2.408858061	0.0847505331	0.0351828672	251.9707489	45.43275452	87.52957916	61.8565979	52.2364006	64.35649109	23.79999924	20	722.1220093	4.403783321	572.645	forcing
0.04728160053	38.28069233	6.666357721	70.21875	-2.018839759	98.4375	34.28746414	6.946546555	50.1875	38.90625	1.607569098	-2.162870169	7.142857075	17.15425682	15.14612103	42.88738632	5.225969791	47.45398712	248.0048676	1.715102196	0.1263944507	0.07369499654	258.4413757	45.00605011	88.26303101	59.92757034	52.29891968	70.69483185	23.79999924	20	722.1220093	4.403783321	579.355	forcing
0.005910200067	38.80628837	6.613133229	122.8125	-2.017268915	98.46875	36.81071854	6.768980026	71.25	69.5	1.875786304	-1.97088027	8.032128334	17.5776329	15.96052265	43.56756973	5.202684402	45.18571091	254.4754944	1.391210556	0.1633808613	0.117437914	261.9898071	44.64671707	87.57563782	56.47127151	50.67744827	71.42295837	23.79999924	20	722.1220093	4.403783321	587.755	forcing
0.01034285035	39.17729734	6.566561799	69.5	-2.018220941	98.25	38.3853035	6.590342522	43.46875	37.9375	1.754610419	-1.860529423	7.910349369	16.34186935	15.14783287	44.1859169	4.810153484	44.4221344	256.9802856	1.078028202	#NUM!	#NUM!	264.4945374	44.33230209	86.47187805	55.70010376	47.50017929	75.80769348	23.79999924	20	722.1220093	4.403783321	595.225	forcing
0.01403672528	39.45555406	6.500031184	63.34375	-2.016197885	99.25	39.52563858	6.398566723	54.65625	36	1.59729445	-1.863806844	8.895478249	18.40940285	17.53882408	44.21683502	4.264602661	43.88314056	259.9024963	0.9694194794	#NUM!	#NUM!	266.3731384	43.88314056	85.77535248	55.32673264	45.72629166	69.2767868	23.79999924	20	722.1220093	4.403783321	602.81	forcing
0.009604074992	39.51738889	6.373623015	121.9375	-2.016673899	98.28125	40.2829628	6.208876133	65.40625	38.46875	1.66005826	-1.745265961	9.716599464	18.8297863	#NUM!	44.89701843	#NUM!	43.88314056	263.0334473	#NUM!	#NUM!	#NUM!	266.7905884	43.02973175	86.68218994	54.62631607	45.12547684	64.12513733	23.79999924	20	722.1220093	4.403783321	609.555	forcing
-0.01255917549	40.32124165	6.237235254	88.34375	-2.018101938	99.25	40.81609726	6.017550945	68.15625	63.6875	1.409838319	-1.755276918	7.984032154	15.56099796	#NUM!	44.95885468	#NUM!	43.20939636	262.6159668	#NUM!	#NUM!	#NUM!	272.2175903	42.10894394	83.45779419	53.2393837	44.02439499	59.9079628	23.79999924	20	722.1220093	4.403783321	615.73	forcing
0.01255917549	40.50674614	6.243888315	68.9375	-2.01745932	99.40625	41.30960846	5.779604912	39.59375	33.5625	1.534261703	-1.677413344	10.27397251	19.13586044	#NUM!	49.8128891	#NUM!	42.49073792	266.1643982	#NUM!	#NUM!	#NUM!	273.4699402	42.15386581	88.78475952	52.70201492	47.31651306	69.60051727	23.79999924	20	722.1220093	4.403783321	623.245	forcing
0.008865299635	42.05261684	6.267174031	125.09375	-2.018268543	99.34375	41.66039658	5.61390543	77.15625	56.65625	1.339964986	-1.850521564	7.761966228	15.94907093	#NUM!	53.86306763	#NUM!	42.64794159	267.8342285	#NUM!	#NUM!	#NUM!	283.9064636	42.3110733	88.27298737	49.86051941	44.15625	69.29920197	23.79999924	20	722.1220093	4.403783321	629.085	forcing
0.03102854826	44.21683582	6.2206026	72.625	-2.015460065	99.53125	42.26842117	5.439390182	60.09375	34.46875	1.51050663	-1.842993498	7.957559586	16.28445435	#NUM!	55.22343445	#NUM!	42.67039871	278.6882324	#NUM!	#NUM!	#NUM!	298.5175781	41.99665833	88.37856293	49.864254	41.85362625	66.81214905	23.79999924	20	722.1220093	4.403783321	636.815	forcing
0.04284894839	46.8138986	6.094194431	91.96875	-2.017340317	99.28125	43.33338165	5.303621292	58.125	44.96875	1.350371957	-1.748894095	7.168458939	13.92062759	#NUM!	55.31618881	#NUM!	42.24369431	292.2557068	#NUM!	#NUM!	#NUM!	316.0509338	41.14324951	87.72006989	50.43680573	42.02322006	66.77468872	23.79999924	20	722.1220093	4.403783321	644.355	forcing
0.007387750316	45.23711048	6.1773577	87.75	-2.017483121	99.25	45.02844238	5.166035652	44.875	37.46875	1.588088155	-1.765921474	7.797270775	15.28915596	#NUM!	49.41096115	#NUM!	41.79453659	289.9596558	#NUM!	#NUM!	#NUM!	305.4056702	41.70470047	91.08700562	46.73773193	40.32889175	66.30176544	23.79999924	20	722.1220093	4.403783321	652.725	+2
0.008126525208	44.09316616	6.1773577	71.96875	-2.016673899	99.34375	46.27578735	5.062581062	34.65625	35.53125	1.496698499	-1.667223811	9.884678841	18.29894257	#NUM!	46.78298187	#NUM!	41.83944702	289.5421753	#NUM!	#NUM!	#NUM!	297.6826782	41.70470047	89.4786911	48.8447113	44.99034119	67.40645599	23.79999924	20	722.1220093	4.403783321	660.42	+2
0.07018362731	43.62940495	6.137439331	68.5625	-2.0167215	99.5625	46.62334442	5.0017519	34.375	28	1.340812087	-1.721376777	8.474575996	16.19807625	#NUM!	46.99940491	#NUM!	41.83944702	287.4548645	#NUM!	#NUM!	#NUM!	294.5517273	41.43520355	88.52083588	47.76459503	42.07567215	64.04531097	23.79999924	20	722.1220093	4.403783321	666.49	+2
0.008126525208	43.62940495	6.154071985	84.96875	-2.016602497	99.5	46.47189713	4.944753647	43.84375	38.625	1.350398064	-1.637456417	7.61421299	13.84408569	#NUM!	46.99940491	#NUM!	42.10894394	273.2612305	#NUM!	#NUM!	#NUM!	294.5517273	41.54749298	89.78455353	46.91705322	41.38536072	64.11686707	23.79999924	20	722.1220093	4.403783321	673.57	+2
0.007387750316	42.29995615	6.333704646	130.75	-2.018411347	99.46875	46.09717941	4.913949966	66.25	56.1875	1.414932728	-1.720699549	9.966777802	19.04273415	#NUM!	45.60811996	#NUM!	42.82761002	273.2612305	#NUM!	#NUM!	#NUM!	285.5763245	42.76023102	90.32138062	45.27760696	41.25431061	69.3837204	23.79999924	20	722.1220093	4.403783321	681.45	+2
0.04654282331	41.83619494	6.366969953	76.1875	-2.018149539	99.3125	45.75108719	4.93358469	65.375	57.15625	1.441945195	-1.745965958	9.463722229	18.34709167	#NUM!	44.12408447	#NUM!	43.00727081	276.8096313	#NUM!	#NUM!	#NUM!	282.445343	42.9848175	91.31617737	50.1567955	44.75964355	76.6977005	23.79999924	20	722.1220093	4.403783321	687.47	+2
0.002955100033	41.86711235	6.247214846	76.65625	-2.017340317	99.4375	45.28509521	4.985519409	35.4375	35.40625	1.416626573	-1.828123331	8.843035698	17.95049286	#NUM!	44.12408447	#NUM!	43.02973175	275.3485413	#NUM!	#NUM!	#NUM!	282.6540833	42.17632294	91.3621521	47.94900513	40.70713806	71.33475494	23.79999924	20	722.1220093	4.403783321	693.81	+2
0.0007387750084	41.61977304	6.327051584	76.625	-2.016554895	99.4375	44.77326202	5.056008339	37.4375	35	1.531031609	-1.902648807	7.481296539	15.80538177	#NUM!	43.87674332	#NUM!	42.9848175	274.9310608	#NUM!	#NUM!	#NUM!	280.9842529	42.71531677	89.01571655	46.78888321	41.94001389	70.36929321	23.79999924	20	722.1220093	4.403783321	700.595	+2
0.008865299635	41.34151632	6.317071992	68.90625	-2.017982935	99.40625	44.33156967	5.139924526	35.0625	31.125	1.70259738	-1.650997877	8.701957703	15.95265579	#NUM!	52.966465	#NUM!	43.00727081	273.4699402	#NUM!	#NUM!	#NUM!	279.1056519	42.64794159	90.00231934	45.49783325	42.00748062	70.22224426	23.79999924	20	722.1220093	4.403783321	708.615	+2
0.01551427413	43.66032237	6.446806691	84.6875	-2.01779253	99.5	44.13650894	5.209387302	41.375	35.9375	1.47031045	-1.713849187	9.983361244	18.99848175	#NUM!	61.56150436	#NUM!	43.63610458	272.8437805	#NUM!	#NUM!	#NUM!	294.7604675	43.52381516	90.96477509	50.65465164	42.62036896	76.03787994	23.79999924	20	722.1220093	4.403783321	715.51	+2
0.03693874925	48.01967774	6.443480161	90.96875	-2.018601752	99.375	44.35977173	5.278085709	42.34375	38.5	1.448572516	-1.582377315	8.626887321	15.15771294	8.69295311	66.87930298	4.237990379	43.65855789	288.7072754	4.719364166	#NUM!	#NUM!	324.1914063	43.5013504	92.23226929	50.26837158	43.08738708	72.84545135	23.79999924	20	722.1220093	4.403783321	721.52	+2
0.01403672528	52.00802415	6.446806691	84.25	-2.018934961	99.25	45.49065399	5.358845711	38.875	38.46875	1.418400288	-1.624469876	10.33591747	18.64361763	10.95570087	66.87930298	4.237990379	43.65855789	317.9295044	5.6824646	#NUM!	#NUM!	351.1175842	43.52381516	91.77381897	48.82464218	47.02480316	75.74636078	23.79999924	20	722.1220093	4.403783321	728.475	+2
-0.004432649817	55.37802228	6.460112814	98.25	-2.018482749	99.5	47.1920929	5.411286354	53.65625	47.25	1.236733437	-1.707739353	8.817046165	16.71915054	10.68998146	66.19911957	3.496173859	43.70347595	343.1858826	4.383235931	-0.02496561408	-0.005695703905	373.8692017	43.61364365	90.15028381	49.58433914	47.4330864	70.82762146	23.79999924	20	722.1220093	4.403783321	734.28	+2
-0.02881222405	54.48141727	6.430174038	132.84375	-2.018363745	99.375	49.69319534	5.443829536	76.6875	61.3125	1.325609446	-1.663805366	8.456659317	15.62323189	12.82520485	59.67554092	3.496173859	43.52381516	320.0168152	2.296588898	0.1172266901	0.05104382709	367.81604	43.4115181	91.2363739	52.58098221	45.1161499	69.48748779	23.79999924	20	722.1220093	4.403783321	741.085	+2
0.01034285035	52.28628088	6.360316892	131.03125	-2.018125739	99.21875	52.09640503	5.445263863	70.21875	63.25	1.373254657	-1.550820589	8.33912468	14.35990429	14.40068913	53.92490387	3.496173859	43.52381516	304.1532898	0.3056988716	0.2239739299	0.7326619625	352.9961853	42.93989944	90.63404846	50.12862396	45.53423309	67.10961151	23.79999924	20	722.1220093	4.403783321	748.18	+2
0.01699182577	50.1220619	6.373623015	95.65625	-2.017768729	99.5	53.29705048	5.389277935	44.90625	42.59375	1.364279747	-1.525228262	10.29159546	17.4295845	19.3851223	50.55490494	3.496173859	43.14202118	297.6826782	-1.07659483	0.3512485623	-0.3262588382	338.3851013	43.02973175	98.9208374	50.15486908	44.83142853	65.91582489	23.79999924	20	722.1220093	4.403783321	755.375	+2
0.01625305042	48.57619119	6.297112807	77.75	-2.017292716	99.1875	53.20131683	5.308958054	40.84375	37.5625	1.253763199	-1.5536412	9.41915226	16.24920273	18.5724678	49.3182106	3.259990215	42.78269577	294.9691772	-1.45832634	0.3386165798	-0.2321953326	327.9485474	42.51319504	87.8344574	48.49523926	43.75512695	63.62209702	23.79999924	20	722.1220093	4.403783321	761.205	+2
0.01034285035	46.93756825	6.323725053	104.96875	-2.018601752	99.40625	52.50518799	5.23154974	58.125	55.75	1.2967484	-1.481973767	9.015777588	14.83587646	17.36307526	47.06123734	3.476214647	42.78269577	287.872345	-1.607296944	0.3203116357	-0.1992859095	316.8858643	42.69285965	84.677948	49.70473099	44.86935043	69.63787842	23.79999924	20	722.1220093	4.403783321	767.575	+2
0.0206857007	45.57720204	6.380276076	83.03125	-2.017625925	99.3125	51.42549896	5.161380768	38.40625	36.46875	1.396548033	-1.654158115	10.68566322	19.62673378	22.99062347	45.66995239	3.476214647	43.11956406	272.8437805	-2.153726578	0.4347865283	-0.201876387	307.7017212	43.07464981	93.91022491	51.49862289	45.22573853	80.19436646	23.79999924	20	722.1220093	4.403783321	774.23	+2
0.01699182577	44.06224875	6.340357707	117.53125	-2.017840131	99.25	50.34315109	5.106639385	49.875	54.34375	1.392398119	-1.693705916	7.81758976	14.70213413	16.95805931	45.66995239	2.943969727	43.20939636	273.0524902	-1.448004246	0.3263626397	-0.2253879011	297.473938	42.80514908	98.14099121	47.39398575	42.0361824	70.50960541	23.79999924	20	722.1220093	4.403783321	779.845	+2
0.01034285035	43.41298306	6.267174031	67.375	-2.017007108	99.34375	48.80183029	5.050180435	34	32.5625	1.365700364	-1.708861947	10.27397251	19.49462509	21.99471855	44.9897728	2.943969727	43.23185349	279.9406128	-1.543711185	0.4193204641	-0.2716314197	293.0906067	42.3110733	88.13776398	48.30218887	43.82256317	70.669487	23.79999924	20	722.1220093	4.403783321	787.52	+2
0.03989385068	42.76371736	6.267174031	98.375	-2.014460437	99.28125	47.73440552	5.022838593	40.90625	29.125	1.405685902	-1.704020143	7.731958866	14.62964439	16.27652359	44.4950943	2.943969727	42.82761002	270.130249	-0.9660701752	0.3026311398	-0.313259989	288.7072754	42.3110733	90.43199158	45.29188538	42.76413345	64.84528351	23.79999924	20	722.1220093	4.403783321	793.36	+2
0.01182040013	41.92894718	6.297112807	109	-2.018101938	99.25	46.53879166	4.995927811	59.5	56.875	1.456781983	-1.628732085	8.462623596	15.30467701	16.60779381	44.46417618	2.943969727	42.85006332	270.3389893	-0.7614197731	0.2966052294	-0.3895423114	283.0715637	42.51319504	89.44216919	44.36125183	43.24326706	66.33228302	23.79999924	20	722.1220093	4.403783321	801.12	+2
0.008126525208	41.094177	6.317071992	70.40625	-2.01781633	99.40625	45.64122391	4.986364841	35.46875	35.46875	1.404190302	-1.886651635	8.086253166	16.9398098	18.72331047	42.48546219	2.943969727	42.67039871	264.7032776	-0.9399137497	0.3402269185	-0.3619767427	277.4358521	42.64794159	87.15791321	44.73802185	43.86979294	69.52342224	23.79999924	20	722.1220093	4.403783321	808.21	+2
0.02142447419	40.69225062	6.320398523	84.65625	-2.017173712	99.46875	44.79668808	4.98423624	41.96875	41.46875	1.385596991	-1.559505701	9.309542656	16.12073517	17.4878273	42.57821274	2.943969727	42.73777771	267.8342285	-0.7415118217	0.3102614284	-0.4184173644	274.7223206	42.67039871	95.6060791	45.80522919	43.89651871	72.81296539	23.79999924	20	722.1220093	4.403783321	815.63	+2
0.01625305042	40.35215907	6.327051584	66.78125	-2.015840876	99.375	44.12401581	4.975270271	48.625	33.9375	1.547741413	-1.659548879	9.216589928	16.98360252	18.16683006	42.60913086	2.943969727	42.76023102	261.9898071	-0.6470994949	0.3082753718	-0.4763956368	272.4263	42.71531677	85.25331116	45.35166168	44.10651016	75.10299683	23.79999924	20	722.1220093	4.403783321	822.075	+2
0.01108162571	39.70289337	6.356990361	79.21875	-2.016650098	99.25	43.51866531	4.965475559	35.4375	34.4375	1.499063492	-1.868451715	10.00833988	20.76411629	22.10750961	42.20720291	2.943969727	42.93989944	262.4072571	-0.7236690521	0.3505365849	-0.484387964	268.0429688	42.91744232	86.37640381	47.76761627	45.31082153	83.74900055	23.79999924	20	722.1220093	4.403783321	828.585	+4
0.001477550017	39.14637992	6.257194438	89.28125	-2.017840131	99.40625	43.03066635	4.966375351	64.8125	61.65625	1.378825903	-1.662805319	8.559201241	15.8031683	16.90877533	41.032341	3.32652092	42.93989944	259.9024963	-0.5398416519	0.2547055185	-0.4718152285	264.2858276	42.24369431	87.25075531	46.31265259	40.85632324	68.89868164	23.79999924	20	722.1220093	4.403783321	834.58	+4
0.02437957563	38.99179285	6.380276076	77.625	-2.01779253	99.5625	42.51326752	4.988706112	35.0625	34.53125	1.449191689	-1.805968285	7.224563599	14.48742676	14.94526577	42.5163765	3.32652092	43.43398285	257.1889954	-0.208963871	0.2067407966	-0.989361465	263.2421875	43.07464981	84.94535828	43.53614807	40.73997879	65.53322601	23.79999924	20	722.1220093	4.403783321	841.59	+4
0.01773059927	39.17729734	6.519990368	64.625	-2.018387546	99.59375	42.01279831	5.047281742	33.46875	29.4375	1.411663771	-1.875104547	8.498583794	17.69463158	18.0911274	42.54729462	3.32652092	44.39967728	256.9802856	-0.07935523987	0.2339530885	-2.948174477	264.4945374	44.01789093	79.55355072	44.07374954	42.42021561	73.22475433	23.79999924	20	722.1220093	4.403783321	849.895	+4
0.01625305042	39.05362768	6.566561799	80.90625	-2.016626297	99.1875	41.75671387	5.151749611	46.375	40	1.593989372	-1.824749351	10.26518345	20.79885483	21.2647419	42.39270782	3.32652092	44.39967728	258.4413757	-0.1010160446	0.2295055389	-2.271971226	263.6596375	44.33230209	84.05897522	48.87796783	44.45277786	67.59855652	23.79999924	20	722.1220093	4.403783321	856.955	+4
0.01773059927	38.92995802	6.546602614	71.90625	-2.019030164	99.53125	41.60234833	5.275379658	38.4375	32.9375	1.690088391	-1.780228257	8.720930099	17.2388382	17.67530441	41.12509537	4.407643318	44.4221344	257.3977356	-0.1554422379	0.1539600492	-0.9904646873	262.824707	44.19755554	88.98167419	48.68478775	42.32893753	73.79691315	23.79999924	20	722.1220093	4.403783321	862.8	+4
0.009604074992	38.99179285	6.546602614	68.8125	-2.015436264	99.59375	41.3774147	5.430297852	43.71875	33.46875	1.698652625	-1.918551564	10.05867577	21.42810631	21.95417404	41.09417725	4.407643318	44.33230209	256.9802856	-0.2457089424	0.1544395089	-0.628546536	263.2421875	44.19755554	89.09896088	48.85321808	45.49884796	77.17189026	23.79999924	20	722.1220093	4.403783321	869.68	+4
-0.001477550017	38.55894906	6.673010783	71.46875	-2.016578696	99.25	41.13531876	5.553949833	35.5	33.46875	1.662675381	-1.962394834	8.856088638	19.29735756	19.70601273	40.63041687	4.929908752	45.29800415	255.3104401	-0.2006297112	0.1273675561	-0.6348389387	260.3199463	45.05096817	90.22460175	48.75356293	45.22904968	73.25637054	23.79999924	20	722.1220093	4.403783321	875.645	+4
0.03472242504	38.55894906	6.699623029	66.5625	-2.018054337	99.28125	40.87863922	5.684158325	34.46875	34.9375	1.748711944	-2.072259665	8.547008514	19.66653252	20.01272011	40.6922493	4.929908752	45.52258301	254.8929596	-0.1490502357	0.1378784776	-0.92504704	260.3199463	45.23062897	86.2890625	47.10439682	44.2539711	75.05199432	23.79999924	20	722.1220093	4.403783321	882.42	+4
0.01182040013	38.6517013	6.689643437	122.75	-2.019387174	99.5	40.6632843	5.806977749	58.46875	64.125	1.892216921	-2.003949881	8.409250259	18.71171761	19.04059792	40.59949875	4.929908752	45.54504395	255.7278748	-0.1076335907	0.1696666479	-1.57633543	260.9461365	45.16325378	90.69316864	51.59375	48.53630066	71.3940506	23.79999924	20	722.1220093	4.403783321	889.44	+4
0.01846937463	38.62078388	6.676337314	116.75	-2.01888736	99.28125	40.49568939	5.900085926	66.34375	69	1.803001881	-1.848190069	9.53895092	19.57567596	19.99132347	40.63041687	4.627194405	45.43275452	255.1017151	-0.1045598984	0.2324480414	-2.223109007	260.7374268	45.07342148	95.00737762	52.64448929	49.37696457	66.54840851	23.79999924	20	722.1220093	4.403783321	896.575	+4
0.01182040013	38.34252716	6.782786298	109.59375	-1.997633372	99.46875	40.37107086	5.947739601	46.25	39	1.670741439	-1.741675138	8.577555656	16.58823586	16.97632599	40.78500366	4.277908802	45.92683029	254.6842346	-0.09060335159	0.2263277769	-2.498006582	258.8588257	45.79208374	99.25958252	49.70223999	46.51519012	68.8313446	23.79999924	20	722.1220093	4.403783321	902.865	+4
0.01182040013	38.12610526	6.806072013	65.75	-2.016269287	99.4375	40.24849701	5.974227905	56.09375	38.4375	1.463927627	-1.744479537	8.895478249	17.23077011	17.59247971	40.81592178	4.277908802	46.28616333	251.9707489	-0.07058286667	0.2452017069	-3.473955154	257.3977356	45.94929504	89.28749847	49.52251434	48.35542297	72.65441895	23.79999924	20	722.1220093	4.403783321	909.86	+4
0.02142447419	37.35316991	6.849316913	84.6875	-2.015912278	99.40625	40.10922623	5.983461857	53.1875	48.96875	1.518076539	-1.782331347	9.022556305	17.85613823	18.10507011	41.06325912	4.277908802	46.28616333	247.5874023	0.006957530975	#NUM!	#NUM!	252.1794739	46.24124908	83.57629395	51.8415947	48.11026382	70.59523773	23.79999924	20	722.1220093	4.403783321	916.605	+4
0.01034285035	37.50775698	6.789439359	68.46875	-2.017911533	99.25	39.92976379	5.98423481	38.875	38.46875	1.641822577	-1.916288853	9.700889587	20.64153671	20.86015129	41.06325912	4.277908802	45.90437698	247.5874023	0.07965183258	#NUM!	#NUM!	253.2230988	45.83699799	84.06233215	52.0022583	49.1636734	70.76515198	23.79999924	20	722.1220093	4.403783321	923.255	+4
0.03841629997	37.84784853	6.689643437	95.59375	-2.017554523	99.21875	39.71846771	5.96046114	62.375	68.5	1.406732082	-2.015563726	7.782101154	17.41658211	17.58435249	40.87775421	4.277908802	45.90437698	248.2135925	0.09307575226	#NUM!	#NUM!	255.5191498	45.16325378	88.14039612	49.95177078	48.18535233	62.60278702	23.79999924	20	722.1220093	4.403783321	929.44	+4
0.008865299635	37.84784853	6.669684252	99.78125	-2.018316144	99.5	39.5370636	5.907119274	57	57.59375	1.762167811	-1.82561779	8.264462471	16.75305367	#NUM!	40.50674438	#NUM!	45.43275452	250.0921631	#NUM!	#NUM!	#NUM!	255.5191498	45.02850723	90.16426086	53.19381714	44.76048279	68.16558838	23.79999924	20	722.1220093	4.403783321	937.15	+4
0.01920814998	37.84784853	6.65970466	70.03125	-2.016507294	99.21875	39.48501587	5.861279964	38.8125	32.625	1.848477364	-1.970912933	8.075369835	17.67255592	#NUM!	40.47583008	#NUM!	45.14080048	249.2572479	#NUM!	#NUM!	#NUM!	255.5191498	44.96113205	90.01119232	50.53333282	45.45921707	70.06276703	23.79999924	20	722.1220093	4.403783321	944.41	+4
0.01551427413	37.3222525	6.65970466	76.5	-1.996681346	99.34375	39.38618469	5.817961216	45.75	40.0625	1.646353245	-2.029328108	7.807416916	17.59256554	#NUM!	40.16665268	#NUM!	45.07342148	246.7524872	#NUM!	#NUM!	#NUM!	251.9707489	44.96113205	90.47232819	51.85707092	45.30700684	65.46723175	23.79999924	20	722.1220093	4.403783321	951.84	+4
0.01477550063	37.22950025	6.649725068	63.6875	-2.017292716	99.4375	39.24568176	5.77393198	70.09375	66.46875	1.841780901	-2.173294067	7.766990185	18.7430706	#NUM!	40.22848892	#NUM!	45.16325378	246.1263123	#NUM!	#NUM!	#NUM!	251.3445435	44.89375687	86.06599426	50.50831985	47.49701309	76.70565033	23.79999924	20	722.1220093	4.403783321	959.525	+4
0.01403672528	36.58023456	6.593174045	103.125	-2.018768357	99.28125	39.12926483	5.738071442	47.28125	41.90625	1.930675149	-2.11475873	8.28729248	19.46000671	#NUM!	39.98115158	#NUM!	45.18571091	242.9953461	#NUM!	#NUM!	#NUM!	246.9612122	44.51196671	82.92223358	48.05725861	44.10605621	75.11723328	23.79999924	20	722.1220093	4.403783321	967.25	+4
0.01108162571	36.73482163	6.536623022	62.21875	-2.017054709	99.34375	38.97663879	5.707945347	33.90625	33.0625	1.778517962	-2.058340788	8.379888535	19.15248108	#NUM!	39.98115158	#NUM!	44.5793457	242.3691406	#NUM!	#NUM!	#NUM!	248.0048676	44.13018036	82.38012695	47.16648102	44.86181259	74.82028961	23.79999924	20	722.1220093	4.403783321	974.49	+4
0.01182040013	37.04399577	6.576541391	105.65625	-2.018101938	99.40625	38.80990601	5.67508173	55	53.1875	1.817220926	-2.093033791	8.759123802	20.35665321	#NUM!	39.91931534	#NUM!	44.4895134	242.3691406	#NUM!	#NUM!	#NUM!	250.0921631	44.39967728	87.09272003	50.59240723	46.61362076	72.74302673	23.79999924	20	722.1220093	4.403783321	981.65	+4
0.06057954952	36.82757387	6.596500575	90.09375	-2.017863932	99.15625	38.71276093	5.654849529	50.78125	52.28125	1.887196779	-2.114198446	8.021389961	18.83063316	#NUM!	38.96087646	#NUM!	44.53442764	243.412796	#NUM!	#NUM!	#NUM!	248.631073	44.53442764	88.25553894	48.06684113	44.85393524	67.35220337	23.79999924	20	722.1220093	4.403783321	988.5	+4
0.03767752275	36.54931715	6.589847514	85.03125	-2.016031281	99.25	38.63672638	5.673366547	46.34375	42.4375	1.761464238	-2.14155364	7.104795933	16.89468384	#NUM!	39.05362701	#NUM!	44.93867493	241.7429657	#NUM!	#NUM!	#NUM!	246.7524872	44.4895134	86.65039825	48.60124969	44.25464249	69.25835419	23.79999924	20	722.1220093	4.403783321	995.98	+4
0.01403672528	36.33289525	6.673010783	77.3125	-2.017030908	99.5	38.48904419	5.723862171	45.84375	42.46875	1.843066573	-1.97091949	8.856088638	19.38118553	#NUM!	39.05362701	#NUM!	45.11833954	240.9080353	#NUM!	#NUM!	#NUM!	245.2913666	45.05096817	79.69020844	49.79494476	42.64681625	73.31494141	23.79999924	20	722.1220093	4.403783321	1004.425	+4
0.01403672528	36.17830818	6.70627609	99.625	-2.017721128	99.40625	38.33580017	5.750611782	57.46875	58.59375	1.830644965	-2.02414608	7.542426109	16.95205879	#NUM!	39.51738739	#NUM!	45.36537552	240.0731049	#NUM!	#NUM!	#NUM!	244.2477112	45.27554321	79.79099274	48.69206619	42.58128357	67.96740723	23.79999924	20	722.1220093	4.403783321	1011.2	+6
0.008865299635	36.14739076	6.769480175	71.5	-2.016602497	99.53125	38.17747498	5.79193306	38.4375	30.09375	1.734721065	-1.919047117	9.958506584	21.22019386	#NUM!	39.54830551	#NUM!	45.90437698	239.6556549	#NUM!	#NUM!	#NUM!	244.0390015	45.70225143	89.13831329	49.39928436	45.73001099	71.59022522	23.79999924	20	722.1220093	4.403783321	1019.155	+6
0.03250610083	36.11647335	6.799418952	71.03125	-2.017054709	99.53125	38.11041641	5.860218048	37.9375	33.4375	1.823576331	-2.0125916	7.97342205	17.81845093	17.83220863	38.96087646	4.966500282	46.19633102	239.2381897	0.1443285942	#NUM!	#NUM!	243.8302765	45.90437698	86.11129761	49.30792236	44.81125641	75.67861176	23.79999924	20	722.1220093	4.403783321	1025.18	+6
0.007387750316	36.11647335	6.849316913	79.25	-2.017840131	99.34375	38.05529022	5.968599319	44.8125	41.4375	1.930641294	-1.949229717	9.174311638	19.85665131	19.90352058	38.99179459	4.899970055	47.0946579	238.8207245	0.1314821243	#NUM!	#NUM!	243.8302765	46.24124908	88.80127716	51.47258759	48.46976852	76.46799469	23.79999924	20	722.1220093	4.403783321	1032.705	+6
0.01403672528	35.86913404	6.962418959	70.40625	-2.014984052	99.5	37.99071503	6.051330566	43.875	37.40625	1.836375117	-2.109129667	8.862628937	20.75560379	20.73593521	38.89904022	5.196031094	47.0946579	237.5683441	0.1444282532	0.1440225244	0.9971907735	242.1604156	47.00482559	92.38134766	53.55511856	51.16177368	72.95201874	23.79999924	20	722.1220093	4.403783321	1039.245	+6
0.01994692534	35.96188628	6.96907202	88.90625	-2.016388291	99.3125	37.89151382	6.119384766	50.3125	51.875	1.882521033	-2.077978849	9.167303085	21.15203667	21.10855675	38.92995834	5.196031094	47.11711121	238.6119995	0.1615653038	0.1448704004	0.8966677785	242.7866211	47.04973984	88.00460815	52.62997818	48.5476799	70.71898651	23.79999924	20	722.1220093	4.403783321	1046.015	+6
0.01108162571	35.86913404	7.025623043	64.5	-2.017054709	99.28125	37.76455688	6.174588203	76.15625	64.0625	1.687061906	-2.095786095	8.856088638	20.60906982	20.38723183	39.27005005	5.272541523	47.63365173	238.1945343	0.238650322	0.1338940263	0.5610468984	242.1604156	47.43152618	86.74485016	52.75855637	46.52211761	76.90607452	23.79999924	20	722.1220093	4.403783321	1052.56	+6
0.01773059927	36.08555594	7.035602635	66.59375	-2.018054337	99.4375	37.63644028	6.238173485	84.375	59.03125	2.05531621	-2.092285872	8.2191782	19.0949688	18.85719109	39.30096817	5.272541523	47.65611267	238.8207245	0.2383275032	0.1271693707	0.5335908532	243.621521	47.49890137	89.4161377	55.23329926	48.34681702	76.55067444	23.79999924	20	722.1220093	4.403783321	1059.335	+6
0.01477550063	35.74546438	7.045582228	69.90625	-2.018554151	99.28125	37.53190613	6.313477039	54.28125	69.0625	1.95683229	-1.902351737	9.646302223	20.37610626	20.35445023	38.46619797	5.438868046	47.7684021	237.1509094	0.1552176476	0.1642401814	1.058128238	241.3255005	47.56627274	92.42111206	69.61842346	49.68606949	79.6084137	23.79999924	20	722.1220093	4.403783321	1066.635	+6
0.04802037403	35.71454697	7.075521004	87.15625	-2.016150284	99.53125	37.44906998	6.36097908	54.125	50.21875	1.694015145	-2.214296341	9.654063225	23.73642921	23.77977943	38.5280304	5.179398537	47.83577347	237.1509094	0.1350822449	0.2190394998	1.621526957	241.1167603	47.7684021	101.4337463	54.6852951	49.22119904	71.82334137	23.79999924	20	722.1220093	4.403783321	1072.855	+6
0.03102854826	35.62179472	7.045582228	66.0625	-2.015959879	99.5625	37.36381149	6.381301403	38.84375	34.875	1.820732951	-1.997081399	8.11359024	17.9919548	18.12448311	38.18793869	5.14280653	47.83577347	235.6897736	0.06732273102	0.1886569262	2.80227685	240.4905853	47.56627274	88.03252411	53.76904297	49.3163414	74.61238861	23.79999924	20	722.1220093	4.403783321	1079.07	+6
0.03324487433	35.59087731	7.062214881	60.0625	-2.018577951	99.34375	37.29384613	6.3864007	70.5625	71.75	1.803644538	-2.086085796	9.561753273	22.14823914	22.47906303	37.78601456	5.052990437	47.74594116	235.6897736	0.03446054459	0.2639831901	7.660447598	240.2818451	47.67856598	82.5165863	55.22686768	48.41659164	84.80463409	23.79999924	20	722.1220093	4.403783321	1086.465	+6
0.0206857007	35.49812507	7.052235289	71.0625	-2.017530722	99.25	37.25131989	6.381463528	71.1875	50.78125	1.931780457	-2.113785267	9.302325249	21.83342743	22.06085205	38.21885681	4.826786041	47.74594116	235.4810486	0.07350254059	0.2694108486	3.665327072	239.6556549	47.6111908	93.04206085	61.2531929	54.23194885	76.04989624	23.79999924	20	722.1220093	4.403783321	1092.74	+6
0.01920814998	35.49812507	6.999010797	88.875	-1.997062156	99.40625	37.21485138	6.365990162	45.84375	44.875	1.983926892	-2.053529739	10.16088104	23.16871071	23.36310005	38.28069305	4.826786041	47.65611267	235.6897736	0.08467817307	#NUM!	#NUM!	239.6556549	47.25186157	92.82803345	58.11871338	50.1558609	74.39004517	23.79999924	20	722.1220093	4.403783321	1099.19	+6
0.01108162571	35.52904248	6.942459774	69.5625	-2.015888477	99.40625	37.1762619	6.340839386	47.34375	38	1.859210372	-2.213834763	9.002250671	22.1292038	22.7058239	37.1985817	4.846745491	47.31923676	235.0635986	-0.04097604752	#NUM!	#NUM!	239.8643799	46.87007523	90.76893616	56.2199707	49.28971863	78.21737671	23.79999924	20	722.1220093	4.403783321	1105.095	+6
0.01329795085	35.1271161	6.985704674	124.71875	-2.017721128	99.46875	37.10416794	6.306958199	53.3125	51.375	2.185316086	-2.262275219	8.316008568	20.88958931	20.92424393	38.49711609	4.820133209	47.31923676	231.9326324	0.1174545288	#NUM!	#NUM!	237.1509094	47.16202927	84.19579315	54.0613327	48.47708511	81.61950684	23.79999924	20	722.1220093	4.403783321	1111.76	+6
0.01551427413	35.1271161	6.992357736	77.34375	-2.018506549	99.3125	36.98452377	6.287838936	38.375	42.375	2.136432648	-2.051408768	9.97506237	22.72151756	#NUM!	37.38408661	#NUM!	47.364151	233.6024933	#NUM!	#NUM!	#NUM!	237.1509094	47.20694733	86.92564392	53.02978134	49.08863831	82.80541992	23.79999924	20	722.1220093	4.403783321	1118.975	+6
0.01699182577	34.97252903	6.96907202	103.8125	-2.018220941	99.25	36.8744812	6.2814188	78.125	57.71875	1.864415407	-2.260128498	8.293020248	20.81207466	#NUM!	37.26041794	#NUM!	47.38661194	231.5151825	#NUM!	#NUM!	#NUM!	236.107254	47.04973984	92.24153137	58.08989334	49.24370956	77.84409332	23.79999924	20	722.1220093	4.403783321	1124.99	+6
0.01108162571	34.87977679	6.962418959	87.8125	-2.017840131	99.4375	36.74638748	6.261651516	55.53125	45.875	2.46549058	-2.502273083	7.411982536	20.59390068	#NUM!	37.26041794	#NUM!	47.16202927	231.3064575	#NUM!	#NUM!	#NUM!	235.4810486	47.00482559	88.47118378	59.289505	48.92230225	81.65454865	23.79999924	20	722.1220093	4.403783321	1132.225	+6
0.01699182577	34.81794196	6.865949567	132.8125	-2.017268915	99.34375	36.57342148	6.224559784	76.03125	61.03125	1.941504121	-2.104308128	9.259259224	21.63491058	#NUM!	36.82757568	#NUM!	47.0946579	231.5151825	#NUM!	#NUM!	#NUM!	235.0635986	46.35353851	88.89425659	54.63634491	47.13936615	72.69907379	23.79999924	20	722.1220093	4.403783321	1140.32	+6
-0.008126525208	34.81794196	6.945786305	68.90625	-2.01779253	99.25	36.45489502	6.205083847	39.46875	37.46875	2.024255037	-2.215428114	7.083825111	17.42589188	#NUM!	36.82757568	#NUM!	47.0272789	230.6802521	#NUM!	#NUM!	#NUM!	235.0635986	46.89253235	86.30236816	56.41486359	47.31627274	79.13272095	23.79999924	20	722.1220093	4.403783321	1146.8	+6
0.02585712448	34.29234592	6.989031205	71.03125	-2.016792902	99.34375	36.34899139	6.197329044	61.09375	36	2.002022982	-2.194954395	8.196721077	19.97722435	#NUM!	36.30197906	#NUM!	47.22940063	227.1318512	#NUM!	#NUM!	#NUM!	231.5151825	47.1844902	86.1336441	53.48227692	46.15325165	85.77554321	23.79999924	20	722.1220093	4.403783321	1155.27	+6
0.02142447419	34.16867627	6.979051613	65.0625	-2.018292343	99.40625	36.19713974	6.196722031	85.90625	66.4375	2.091022968	-2.337381124	9.685230255	25.13674355	#NUM!	37.01307678	#NUM!	47.25186157	226.2969055	#NUM!	#NUM!	#NUM!	230.6802521	47.11711121	83.3562851	54.63047028	44.60387802	81.92382813	23.79999924	20	722.1220093	4.403783321	1162.59	+6
-0.01108162571	34.53968523	6.829357728	79.4375	-2.014722245	99.25	36.04295731	6.200500965	49.125	44.78125	2.120545864	-2.274442911	7.10059166	17.93242836	#NUM!	37.07491302	#NUM!	47.20694733	226.2969055	#NUM!	#NUM!	#NUM!	233.1850128	46.10649872	90.48454285	53.02750015	47.03916168	67.762146	23.79999924	20	722.1220093	4.403783321	1168.785	+6
0.007387750316	34.60152006	6.819378136	60.1875	-2.018363745	99.375	35.90668106	6.199521542	76.5	61.625	2.088619471	-2.256191254	8.695652008	21.78450012	#NUM!	36.88940811	#NUM!	46.39845276	227.5492859	#NUM!	#NUM!	#NUM!	233.6024933	46.03911972	82.67559052	50.05797577	46.17885208	77.0965271	23.79999924	20	722.1220093	4.403783321	1177.235	+6
0.01477550063	34.16867627	6.859296505	72.75	-2.018339945	99.53125	35.8890152	6.196277618	72.65625	58.125	2.098093748	-2.074924231	8.645533562	19.91881752	#NUM!	36.67298508	#NUM!	46.60057831	226.5056458	#NUM!	#NUM!	#NUM!	230.6802521	46.30862045	83.14038086	53.52285004	46.66979599	69.54625702	23.79999924	20	722.1220093	4.403783321	1184.135	+6
0.01403672528	34.19959368	6.849316913	70.5625	-2.017245114	99.28125	35.8890152	6.196277618	43.40625	37.03125	1.849252343	#NUM!	#NUM!	#NUM!	#NUM!	36.67298508	#NUM!	#NUM!	#NUM!	#NUM!	#NUM!	#NUM!	230.8889771	46.24124908	88.84868622	53.73360443	48.60086823	71.83586121	23.79999924	20	722.1220093	4.403783321	1191.075	+6
