SpO2	VT	Fb	VI	Systolic	Diastolic	VO2	VCO2	RER	PO2	PCO2	MAP	MCAv	PCAv	HR	Barometric Pressure	 
Mean	Mean	Mean	Mean	Mean	Mean	Mean	Mean	Mean	Mean	Mean	Mean	Mean	Mean	Mean	Mean	Time
%	L	BPM	L/min	mmHg	mmHg	L/min	L/min	 	mmHg	mmHg	mmHg	cm/s	cm/s	BPM	mmHg	s
0.40625	-1.278603792	4.767580509	6.712984562	#NUM!	#NUM!	#NUM!	#NUM!	#NUM!	106.0988464	35.18029785	0.31081906	57.74042511	30.19902992	68.28499603	729.4879761	4257.73301
0.4375	-0.78201133	21.73913002	18.72133446	100.6570282	-0.851262033	0.0861516	-0.002317257	-0.026897438	106.0329208	37.20094681	55.09199524	49.74964905	32.19677353	66.43801117	729.4879761	4270.31801
0.40625	-1.509980559	3.506721258	5.831150532	#NUM!	#NUM!	0.027083397	-0.000743329	-0.027445938	106.3406067	35.9499588	0.261672586	48.73574829	34.71180725	66.19264984	729.4879761	4273.07801
0.4375	-1.008408666	15.28662395	16.97578049	#NUM!	#NUM!	0.07923317	-0.001636193	-0.020650357	104.8461151	38.39744186	-0.09375	52.87271881	28.4538784	68.948349	729.4879761	4290.18801
0.4375	-1.062029839	13.42281914	15.69864082	#NUM!	#NUM!	0.073397398	-0.002349216	-0.0320068	105.1318283	37.08288574	146.8407288	48.45727158	25.33374977	64.56958008	729.4879761	4294.11301
0.4375	-0.801658511	13.5746603	11.98395061	108.0487747	-8.010907173	0.055222034	-0.002809552	-0.050877374	106.1647797	36.37906647	2.470274448	50.42423248	27.93584061	65.1775589	729.4879761	4298.58301
0.4375	-0.597840011	16.30434799	10.73420906	#NUM!	#NUM!	0.046439767	-0.003486897	-0.075084299	104.4944839	37.04882813	0.868505478	50.83646393	28.1858387	62.72618866	729.4879761	4303.00301
0.4375	-0.693152964	10.86956501	8.297034264	#NUM!	#NUM!	0.036548853	-0.004271889	-0.116881616	102.6263657	37.9819603	0.131358564	52.97927475	29.46064186	63.85631943	729.4879761	4306.68301
0.375	-0.797352433	14.38848877	12.63418198	109.5081635	-1.255468726	0.055267334	-0.009910664	-0.179322273	98.07698059	38.85832977	146.8350067	48.93814468	28.13089943	63.79710007	729.4879761	4312.20301
0.4375	-0.92765677	5.221931934	5.334578991	109.615303	-10.15446854	0.028289557	-0.005364192	-0.189617395	98.71432495	38.4042511	39.97453308	54.23370361	31.09963989	63.68450546	729.4879761	4316.37301
0.4375	-0.821861029	11.61665058	10.51383018	111.2872238	-11.48702526	0.045203686	-0.007346197	-0.162513226	94.8682251	39.43046951	146.8359985	63.37837219	34.3493309	69.50726318	729.4879761	4327.86301
0.4375	-0.887947798	15.7687254	15.41933537	#NUM!	#NUM!	0.065768003	-0.008558028	-0.130124494	96.53853607	38.44284821	0.430743247	61.44709015	33.89078522	65.65822601	729.4879761	4333.02801
0.4375	-0.910456419	3.847387075	3.857506275	#NUM!	#NUM!	0.016127944	-0.002417115	-0.149871245	98.38465881	37.35760117	-0.027854938	60.03410721	32.09564972	66.62866974	729.4879761	4336.83301
0.46875	-1.270852327	9.884678841	13.83372879	#NUM!	#NUM!	0.059080362	-0.00860594	-0.14566499	94.31879425	40.51344681	1.408444285	58.87412643	28.29474449	68.6721344	729.4879761	4352.42801
0.375	-1.247524858	6.764374256	9.293054581	100.6886368	-1.208767414	0.039651632	-0.005385767	-0.135827109	97.17588806	38.4087944	28.23970795	59.48723221	31.38953972	65.91965485	729.4879761	4358.49801
0.375	-0.65396142	12.32032871	8.872704506	#NUM!	#NUM!	0.036586642	-0.004683927	-0.128022865	99.72531128	38.05688477	0.345650852	62.03022003	32.01902008	67.79664612	729.4879761	4367.36801
0.375	-0.833904803	16.80672264	15.43409348	100.7513046	-0.976004481	0.059943676	-0.008705564	-0.145229057	99.39564514	38.10229111	146.7719879	59.1230011	29.0147171	69.61230469	729.4879761	4372.23801
0.4375	-0.729232192	11.08033276	8.898160934	100.6252594	-0.918252826	0.034247637	-0.012251092	-0.357720792	99.46157837	37.51198959	40.03953171	57.83982086	29.51264381	72.72332001	729.4879761	4375.80801
99.1875	-1.14788878	11.27819538	14.25676632	#NUM!	#NUM!	0.057025671	-0.041514918	-0.728004038	97.35170746	38.64491272	0.323090702	52.74882889	28.92460251	65.12548828	729.4879761	4381.22301
97.25	-0.756977141	2.392344475	1.994288921	#NUM!	#NUM!	0.01949358	-0.008706948	-0.446657211	99.5275116	37.59599304	146.8560333	57.81398773	30.6233387	63.57226944	729.4879761	4386.54301
98.34375	-1.780104637	8.869179726	17.38643646	#NUM!	#NUM!	0.08024478	-0.002424073	-0.030208487	90.62653351	41.29219055	0.13627176	64.26940155	32.42235184	67.60974121	729.4879761	4411.62301
98.40625	-0.905937135	13.90498257	13.8723526	100.6581039	-1.001655221	0.063924789	-0.00111008	-0.017365413	98.64839935	36.81951904	146.8117676	56.4189682	31.45653725	68.86070251	729.4879761	4418.38801
98.46875	-1.337849975	11.58301163	17.06516647	#NUM!	#NUM!	0.077339888	-0.001099652	-0.01421843	98.2308197	37.81394958	0.404156327	62.97712326	36.0632782	77.7516861	729.4879761	4422.70301
97.28125	-1.230941892	11.37440777	15.41870689	#NUM!	#NUM!	0.070395947	-0.001086774	-0.015438017	100.560463	37.23273087	134.841156	55.49081039	29.9077301	64.14481354	729.4879761	4427.88301
97.53125	-1.262900472	8.875740051	12.3439827	#NUM!	#NUM!	0.056220531	-0.00111179	-0.019775517	101.8131943	37.10559082	134.841156	51.11413193	30.46114922	66.06587982	729.4879761	4433.15801
97.5	-1.035050869	12.35839367	14.08657265	122.0947952	40.16735077	0.063406467	-0.001834707	-0.028935647	100.978035	37.8094101	60.0803299	48.04880905	25.92361069	57.94344711	729.4879761	4439.91801
97.40625	-1.214106798	8.522727013	11.39507198	122.0947952	40.16735077	0.049739838	-0.002077766	-0.041772664	102.428566	37.06926346	89.46986389	51.38823318	27.35608482	63.02614212	729.4879761	4444.77301
97.34375	-1.217157602	9.456264496	12.67500305	111.46772	37.78645706	0.055003405	-0.003078979	-0.055977963	100.340683	38.51550293	56.8947525	46.62666321	24.62221909	64.93648529	729.4879761	4451.81301
97.4375	-1.128494859	9.174311638	11.40130901	127.4859924	46.93732834	0.047886252	-0.00276602	-0.057762302	100.8681488	38.25667572	66.16864777	50.31888199	27.38763237	63.93588638	729.4879761	4458.15801
97.46875	-0.999902308	8.124576569	8.946227074	124.3780136	44.56498718	0.037537813	-0.002076031	-0.05530506	100.5824432	38.27256775	63.92602921	49.57689667	27.07854271	63.55044556	729.4879761	4464.69801
97.40625	-1.218554378	7.067137718	9.483530998	114.7433395	42.93638229	0.040547609	-0.002501556	-0.061694283	97.76929474	39.63934708	61.47888184	50.70996475	26.1131115	65.15766144	729.4879761	4472.08301
97.21875	-1.13235569	6.546644688	8.163628578	112.976265	43.49685669	0.035629749	-0.002310718	-0.064853616	96.34074402	39.84822083	61.5770607	53.57435989	27.53830147	63.49394226	729.4879761	4480.57301
97.625	-1.196674705	6.582556248	8.674656868	117.671875	43.17346573	0.037531734	-0.002189682	-0.058342151	94.78031921	40.22737885	71.56720734	50.08066177	26.07475853	65.21104431	729.4879761	4489.73801
97.375	-0.877504706	9.426551819	9.109277725	114.5997009	42.98987198	0.037637115	-0.002202757	-0.058526196	94.36274719	40.0525589	61.41901016	51.2887764	26.72836494	66.28936768	729.4879761	4498.85301
96.5	-0.810878813	9.309542656	8.313156128	116.5994339	46.96559906	0.033076048	-0.001997944	-0.060404561	93.24187469	40.01850128	66.13085938	53.97222137	29.47783852	63.01039505	729.4879761	4505.21801
96.25	-0.723801732	10.49868774	8.368281364	123.1675873	48.16735077	0.032750249	-0.001953718	-0.059655044	91.61553192	40.49528122	67.55888367	55.28455734	27.74160385	63.15654373	729.4879761	4511.66301
96.375	-1.287752271	8.49256897	12.04350853	120.9097443	48.00616455	0.046501279	-0.002670844	-0.057435926	89.04412842	41.08558273	67.02603912	58.31266022	30.97277641	65.49451447	729.4879761	4517.37801
96.4375	-0.999625325	9.569377899	10.53422451	143.6949005	45.58203125	0.041163087	-0.002187611	-0.053144965	93.6155014	39.56215286	67.55648041	55.36038208	30.84725952	65.04756165	729.4879761	4524.44301
96.1875	-0.738979757	12.12121201	9.864162445	120.4379807	43.96780014	0.038752913	-0.001941232	-0.050092548	94.01110077	39.63934708	62.93530273	53.6085434	29.36689758	63.75928879	729.4879761	4530.71301
96.5	-0.860104919	9.646302223	9.136795998	118.9842529	48.38750076	0.035798907	-0.001710847	-0.047790494	92.60453033	39.87319565	67.87626648	57.18259048	29.85816002	61.94665909	729.4879761	4535.66301
96.34375	-1.262357712	8.547008514	11.88168907	126.2021713	53.58984375	0.047151446	-0.002123278	-0.04503103	90.71443939	40.81086731	73.04075623	59.75624847	29.75750732	63.28096771	729.4879761	4541.88301
96.5625	-0.68358475	15.91511917	11.98074627	131.15625	40.60585022	0.049348593	-0.002384724	-0.048324049	94.09900665	39.08309937	61.484375	52.05021667	29.66343307	71.76196289	729.4879761	4548.90301
96.28125	-1.209770203	7.899934292	10.52465725	124.9526596	47.31594849	0.045204401	-0.002266067	-0.050129335	93.08803558	39.40322495	67.11446381	57.55788803	30.1785717	66.59469604	729.4879761	4552.67301
96.28125	-0.64955616	13.15789509	9.412061691	145.761261	53.90625	0.0404073	-0.001894942	-0.046896026	91.989151	40.32273102	75.59928894	55.63313293	28.14447212	61.43249512	729.4879761	4560.26801
96.25	-1.049619198	12.53918457	14.49381447	139.1846924	46.87109375	0.060081959	-0.002410406	-0.040118631	90.38477325	40.59518051	67.65608215	54.95624924	29.61148643	63.99162674	729.4879761	4564.82801
96.375	-0.909807384	11.58301163	11.60519791	139.7202759	52.24954224	0.048343897	-0.001618082	-0.033470239	93.5056076	38.80838394	74.82076263	60.25911331	33.82889938	59.12395096	729.4879761	4569.61301
96.53125	-0.693563521	14.21800995	10.85942078	125.2415161	37.15594864	0.045122981	-0.001564399	-0.034669664	93.76934052	39.08082962	69.76630402	53.4176712	35.12919617	60.69405365	729.4879761	4574.79301
96.3125	-0.654271603	10.8205595	7.796315193	113.2502136	44.70944977	0.030813336	-0.001280808	-0.041566666	92.62650299	39.75059509	59.29550552	59.6569519	36.69696808	65.61972809	729.4879761	4579.01301
96.28125	-1.121069074	7.609385014	9.394281387	117.9098587	46.21306992	0.038317919	-0.001806095	-0.047134481	88.56062317	41.79394531	65.77985382	59.79140472	34.14949417	62.7013855	729.4879761	4584.55801
96.4375	-1.351953506	6.868917942	10.22661018	148.3333282	46.55029297	0.043315649	-0.002242171	-0.051763527	90.03312683	40.987957	68.68521881	57.13167191	31.93881607	63.68496323	729.4879761	4592.44301
96.5625	-1.251778245	7.15563488	9.864093781	118.5149841	40.84296799	0.042840362	-0.002115461	-0.049380094	92.34078979	40.58382797	60.01385498	52.99888229	27.54513931	63.39493179	729.4879761	4601.17801
96.5625	-1.624936104	5.484460831	9.814130783	120.640625	45.81109238	0.043012381	-0.001851031	-0.043034833	93.04408264	40.37949371	65.9434967	53.04931641	26.4563427	62.50901031	729.4879761	4609.56301
96.25	-1.725624442	4.436229229	8.430277824	142.6696777	44.45703125	0.037141919	-0.002197935	-0.059176676	93.92319489	40.82448959	65.95459747	50.81784058	28.07860374	63.15582275	729.4879761	4620.50301
97.5625	-1.70727706	5.517241478	10.37307644	118.0444489	43.65234375	0.044131041	-0.004192278	-0.094996132	92.7803421	41.57144928	60.91443634	56.32328796	30.31419373	69.83431244	729.4879761	4634.02801
97.34375	-1.872839808	5.422503471	11.18361187	111.7245483	41.78125	0.048440456	-0.003775717	-0.07794553	94.20889282	41.02428436	59.72316742	53.81421661	29.08770752	66.77416992	729.4879761	4644.90301
97.40625	-1.418151498	7.407407284	11.56832409	135.642395	40.42171097	0.049368143	-0.002385086	-0.048312247	97.98907471	39.41003418	60.84999847	51.77755356	29.0044899	67.89944458	729.4879761	4655.96801
97.375	-1.202075481	6.779661179	8.974729538	136.9277802	45.1171875	0.038098216	-0.001794414	-0.047099691	98.86817932	39.55307388	66.10832977	47.65297699	26.15283203	64.39664459	729.4879761	4664.06801
97.46875	-1.365518451	6.956521511	10.46095467	122.9543457	43.22688293	0.044904232	-0.002232007	-0.049705926	96.73634338	39.90725327	72.85086823	51.71969223	26.6922493	60.60578537	729.4879761	4672.91801
97.5625	-1.173982978	7.168458939	9.267641068	131.4657288	48.81498718	0.039270878	-0.002019204	-0.051417343	98.45059204	38.67670059	70.28298187	53.21776199	25.50996017	54.39608383	729.4879761	4681.54301
96.4375	-1.423314095	5.150214672	8.072493553	123.875	44.55113602	0.03439343	-0.001592569	-0.046304464	98.89015198	38.47236252	64.50390625	49.57183075	28.41622734	57.88501358	729.4879761	4689.91301
96.4375	-1.248853922	8.20793438	11.28826332	147.0968933	44.71279907	0.047698021	-0.009233585	-0.193584234	96.12096405	40.40446854	66.47812653	50.78749847	29.70877647	64.63239288	729.4879761	4701.56301
97.5625	-0.913189173	6.952491283	6.991700649	116.28125	37.1689949	0.039464831	-0.011151391	-0.282565266	97.74731445	38.84243774	56.09234619	48.13490295	26.58791161	65.1916275	729.4879761	4708.87301
96.3125	-1.311146259	7.677543163	11.08549404	112.0023422	44.81734467	0.04428339	-0.011617339	-0.262340784	94.38471985	39.3441925	62.67362976	54.73834229	29.3348217	62.12778473	729.4879761	4717.50301
96.21875	-1.317083001	7.495315552	10.87138081	130.7970734	44.0234375	0.044631243	-0.002998201	-0.067177176	94.53855896	39.66659164	63.89016724	53.661129	28.23245049	59.39681625	729.4879761	4725.31801
96.625	-1.076489687	9.316770554	11.04477596	147.7917938	44.99188614	0.043608546	-0.006307043	-0.144628599	97.19786835	38.77659988	68.46498871	49.76065826	26.27835655	55.42918015	729.4879761	4733.32301
96.5	-1.040515661	5.309734344	6.084193707	140.2653198	44.17742538	0.027484953	-0.005878699	-0.213887885	97.59346771	39.1852684	66.80435181	48.85924149	25.79069138	53.97177124	729.4879761	4739.76301
96.34375	-0.475812554	9.654063225	5.058568478	117.9379044	41.59210587	0.018673241	-0.004066437	-0.217768148	95.04405212	39.31468201	61.55064774	52.72293472	26.32065201	58.43883514	729.4879761	4751.06301
96.4375	-0.699365318	10.02506256	7.720986366	116.0656891	46.51367188	0.027253866	-0.003858669	-0.141582444	88.03315735	42.12542343	61.66028214	63.50237656	29.08366966	61.3699913	729.4879761	4757.27801
96.4375	-1.524139881	8.695652008	14.59515095	125.6428528	39.21796799	0.05215621	-0.00663878	-0.127286479	86.51669312	42.28662109	63.1752243	57.12359238	30.70184708	61.68311691	729.4879761	4763.26301
95.375	-0.551701546	7.807416916	4.743437767	160.5712891	53.28081512	0.018488288	-0.002387704	-0.129146859	95.19789124	38.65626526	77.15432739	59.40397644	32.00627899	54.34722519	729.4879761	4770.16301
95.46875	-1.147830844	9.324008942	11.78588486	125.625145	32.04557419	0.042453885	-0.00537689	-0.126652494	90.09906769	41.22180557	64.30512238	50.00789261	27.33649063	65.3057251	729.4879761	4777.84801
96.28125	-1.080421209	9.554140091	11.36753559	132.5911713	44.66623306	0.042348385	-0.005551383	-0.131088436	92.07705688	40.02304077	66.08599854	58.02971268	30.515625	54.7771492	729.4879761	4784.28301
96.25	-0.426576138	13.95348835	6.554822922	152.9065552	48.17927551	0.027034283	-0.007106839	-0.262882471	93.5056076	39.90498352	71.74298859	55.79793549	31.17897797	54.94704819	729.4879761	4790.56301
96.5625	-0.869319677	11.61665058	11.12095451	139.8187561	39.56171799	0.039169669	-0.018000057	-0.459540695	88.38479614	42.13677597	60.76193237	53.57514954	29.66720963	57.11372375	729.4879761	4794.86301
96.28125	-0.819476605	7.147111416	6.449836731	131.8650208	46.66379166	0.0356251	-0.013758041	-0.38618955	89.76940155	40.79724503	68.0009079	54.98122406	30.24731445	46.89796066	729.4879761	4800.02801
96.4375	-0.877584636	11.95219135	11.55096245	127.449501	49.36288071	0.041792274	-0.015055071	-0.360235751	86.84635925	41.48290253	70.00317383	60.41632843	28.56216431	48.75695038	729.4879761	4808.42301
96.40625	-1.189476371	7.822685719	10.24691963	120.7977066	47.38885117	0.037806153	-0.006697032	-0.177141324	88.73644257	40.7336731	65.85083008	60.51979065	29.94297409	56.65009308	729.4879761	4813.44301
95.59375	-1.049642086	11.03955841	12.76070213	150.3591003	43.81066132	0.047544718	-0.003095441	-0.0651059	89.74741364	41.42160034	66.55436707	55.67261124	28.87450981	66.06921387	729.4879761	4821.11301
96.34375	-1.145597696	6.571741581	8.290758133	124.4865646	30.85066032	0.030907512	-0.002263373	-0.07323052	92.60453033	40.18878174	63.99093246	50.75514984	26.91379929	63.60509872	729.4879761	4826.54801
96.25	-0.902204275	10.15228462	10.08672714	136.2324982	40.32872772	0.037172198	-0.014328174	-0.385454059	89.02215576	42.27980804	60.42697144	55.33350372	35.2131691	65.68175507	729.4879761	4835.67801
96.4375	-0.79571414	8.528784752	7.473531246	126.1200562	35.88373184	0.02759099	-0.02468897	-0.894820035	88.97819519	41.89157486	55.0009346	52.81560898	28.00245476	65.84676361	729.4879761	4841.58801
96.1875	-1.134553432	11.96410751	14.94813061	119.2241211	40.82161331	0.055296183	-0.068818048	-1.244535208	86.07713318	42.70437622	60.15880585	58.69203186	29.18812561	60.54217911	729.4879761	4848.62301
96.3125	-0.9286232	11.94029808	12.21057987	141.7859344	50.84367371	0.044970512	-0.035891801	-0.798118591	91.46169281	39.94130707	73.26313019	61.70218658	29.98920441	62.80786133	729.4879761	4853.63801
96.28125	-0.806157708	12.06030178	10.70680332	148.1856689	37.4473114	0.038162112	-0.014109223	-0.369718075	93.0660553	39.82097626	60.61172867	51.2174263	26.87516403	64.66493988	729.4879761	4858.66301
96.4375	-0.821023822	12.65822792	11.44485474	131.210556	33.57747269	0.040127635	-0.002513431	-0.062635906	92.05508423	40.75864792	53.5160675	50.64474487	25.7054081	67.27827454	729.4879761	4863.63801
96.34375	-0.534495115	15.89404011	9.355341911	136.2603455	42.43283081	0.032828689	-0.003667327	-0.11171104	91.72541809	40.66102219	62.99935913	52.29449844	26.23685837	56.15108109	729.4879761	4868.37801
96.25	-1.15978682	11.85770798	15.14469528	124.2209473	39.17279434	0.050554276	-0.007833523	-0.15495272	88.91226959	41.88249207	56.88843918	56.63144684	27.43376923	65.13535309	729.4879761	4872.15301
96.59375	-0.715582848	8.60832119	6.783596516	137.0080719	44.7734375	0.026029468	-0.004543233	-0.17454192	94.53855896	39.42592621	66.70589447	56.68152618	31.25277138	59.39751434	729.4879761	4877.21301
96.4375	-1.812927127	5.199306965	10.38024044	121.5103455	45.83314896	0.033654571	-0.005873841	-0.174533233	90.69245911	40.82221603	69.7895813	58.75096512	26.640625	58.64325714	729.4879761	4884.18301
96.28125	-1.275473356	9.146341324	12.84696102	161.9056091	54.26924896	0.043535233	-0.003483552	-0.080016859	97.35170746	38.31116867	78.04524231	66.04843903	38.78853989	60.55518723	729.4879761	4895.72301
96.28125	-1.34198463	7.736943722	11.43401051	140.8985138	34.98698044	0.039889812	-0.002884295	-0.072306566	98.5165329	39.14894104	56.03915024	48.95678711	25.77280807	69.4828186	729.4879761	4902.28301
97.46875	-1.389782906	9.516257286	14.5644722	125.1440582	33.57747269	0.021898031	-0.00987112	-0.450776577	98.27477264	39.61210251	55.03854752	48.40039063	25.55399323	71.0524292	729.4879761	4910.03801
97.5625	-1.539544106	9.844134331	16.68980598	116.2314072	37.69181061	-0.082688808	-0.040499728	0.489784867	99.3516922	39.1852684	57.16788101	52.06837082	27.734375	68.78160858	729.4879761	4916.34301
97.4375	-1.272801042	9.884678841	13.85494137	119.092514	40.87374878	-0.28676343	-0.092170991	0.321418226	96.75831604	37.95017624	60.421875	51.88092041	24.48759842	65.1612854	729.4879761	4922.43801
97.28125	-1.457877398	9.174311638	14.72909737	115.3225479	40.77466965	-0.608211279	-0.206661329	0.339785427	88.31886292	38.49052811	60.09557724	51.47815704	26.96587753	65.32463074	729.4879761	4928.50801
97.5625	-0.967440367	12.14574909	12.93987656	123.2559204	48.22220993	-0.872932553	-0.30477494	0.349139154	73.46192932	40.18196869	68.32180023	52.59599304	27.14501953	60.79328156	729.4879761	4935.04801
97.34375	-1.355581999	9.375	13.99518585	139.407486	43.84365845	-1.027861595	-0.411513269	0.400358647	67.92353821	41.56009674	65.513237	52.73653793	27.44753265	63.94917679	729.4879761	4939.98801
96.375	-1.216756344	12.98701286	17.40181351	148.4375	43.76720428	-1.20220387	-0.567225397	0.471821308	64.5609436	42.74524307	83.61824799	59.78440475	29.74662971	59.22547531	729.4879761	4946.38801
95.40625	-1.735868931	8.921933174	17.05522728	140.9925385	42.11621094	-1.055669308	-0.55382216	0.524617076	64.51699066	42.8383255	66.62689972	58.32439804	29.17503166	62.40765381	729.4879761	4951.00801
94.34375	-1.967618942	9.764036179	21.1568985	157.25383	49.98595428	-1.033869267	-0.672862291	0.65081954	65.13236237	43.01314545	73.5265274	61.94527435	32.36174393	61.43569183	729.4879761	4957.73301
93.3125	-1.815288663	11.70731735	23.40371132	147.5606079	37.14402771	-1.09482336	-0.760431051	0.694569647	71.17623901	42.82924652	59.6550293	57.31768036	29.86392784	69.2591095	729.4879761	4963.87801
92.625	-1.758403063	12.46105957	24.12987328	144.5743561	41.96949005	-1.203397036	-0.822795034	0.683726966	72.20919037	42.71572495	63.87985229	59.91174316	31.13664627	73.56050873	729.4879761	4969.00301
92.4375	-1.702954769	12.75239086	23.91532898	146.1052399	41.99964523	-1.280202866	-0.858036876	0.670235097	73.90148163	42.83605576	63.91558838	55.60190964	29.41117477	65.82306671	729.4879761	4973.81801
92.59375	-1.502038002	14.30274105	23.65820694	132.8092499	39.37034988	-1.410684109	-0.880783796	0.624366403	69.33010864	43.67610168	59.65641785	56.894207	29.66499329	63.86862564	729.4879761	4978.52301
93.53125	-1.581603885	13.69863033	23.85923386	123.2099762	42.32551956	-1.639493704	-0.898846149	0.548246145	67.59387207	43.76691818	61.59300613	60.82995224	30.08992767	64.74144745	729.4879761	4982.71801
93.375	-1.424280882	15.8311348	24.8307209	117.6227875	44.61351776	-1.793344736	-0.93005085	0.518612444	64.93456268	44.20283127	63.71641541	65.014328	33.44723511	67.27157593	729.4879761	4987.09801
93.3125	-1.760647893	14.13427544	27.40486717	118.2190475	48.30747604	-2.042327881	-1.00474906	0.491962671	63.02249908	43.90087128	68.13904572	65.78829956	33.7455368	61.99764252	729.4879761	4990.88801
93.625	-1.754267216	15.07537651	29.12363243	140.9202881	50.13324738	-2.178858042	-1.042780161	0.47859022	61.68185806	43.63069153	72.42938232	65.45954895	33.08485031	66.71408844	729.4879761	4995.13301
92.28125	-1.850991249	14.83312702	30.23560715	159.1293182	49.12121201	-2.240615368	-1.066138387	0.475823909	62.47305679	43.02677155	74.00440979	66.08001709	31.59848976	69.16970825	729.4879761	4999.11301
92.59375	-1.85025692	15.8311348	32.25712585	144.7800903	44.12218857	-2.379194975	-1.135878563	0.477421373	63.85765457	42.73388672	66.46764374	63.04111862	29.70303535	70.08266449	729.4879761	5003.15801
92.40625	-1.5882411	15.28662395	26.73681259	138.3292999	45.5234375	-1.9468472	-0.953306735	0.489666939	65.41807556	41.95060349	68.11470032	65.19610596	31.5558033	63.46325684	729.4879761	5006.94801
92.375	-1.39026463	19.16932869	29.34850693	127.9645996	48.46550751	-2.116286755	-1.063062787	0.502324522	65.06642914	42.6226387	74.71568298	66.12324524	32.5565567	67.17508698	729.4879761	5010.87301
91.25	-1.665068507	14.08450699	25.82589531	127.5475845	47.55500031	-1.869510889	-0.941289067	0.503494859	66.71475983	42.78156281	68.46840668	62.05160904	34.62030411	61.17301559	729.4879761	5014.00301
91.5625	-1.62172401	15.58441544	27.83229828	122.4903107	53.35997772	-2.039505482	-1.005095482	0.492813319	66.07740784	43.74194336	67.36742401	66.72849274	38.90444183	67.45121002	729.4879761	5018.26301
91.4375	-1.525403023	15.93625546	26.77025414	155.0281372	53.40305328	-2.0024333	-0.939697564	0.469277829	65.98949432	43.32191849	77.35231781	60.48326874	29.64362335	60.13137817	729.4879761	5022.11301
92.5	-1.52600646	14.49275398	24.35504341	137.8023529	41.38867188	-1.828766823	-0.821210742	0.449051648	65.17632294	42.98590088	63.06214905	55.47724152	26.98879051	65.3112793	729.4879761	5025.87801
92.375	-1.88755846	13.54401779	28.15331459	117.9808884	42.43684769	-2.120732546	-0.904255152	0.426388115	64.53896332	43.11985397	60.47816467	65.84252167	33.05285263	79.57939911	729.4879761	5030.01801
92.625	-1.752866983	12.51303482	24.15423203	165.0769196	48.62109375	-1.811030626	-0.74131912	0.409335494	64.31919098	42.66350555	74.02317047	59.76504517	29.7461586	64.64643097	729.4879761	5034.44801
92.375	-1.910173655	13.18681335	27.73922539	65.97925568	36.45124435	-2.055529833	-0.823806346	0.400775671	64.09941101	42.53636551	90.65035248	54.04642868	28.57201958	68.02222443	729.4879761	5039.24301
92.625	-1.487360954	15.8730154	25.99904823	149.2417297	42.49845505	-1.844750643	-0.757176817	0.410449415	63.41810226	42.65896606	63.76443863	58.40967941	27.64035416	70.45075226	729.4879761	5043.79301
92.28125	-1.405537248	14.79654789	22.90258026	139.186264	38.54507065	-1.578689337	-0.659796059	0.417939127	64.49501038	42.4932251	59.41167068	58.22733688	27.57496452	66.59012604	729.4879761	5047.57301
92.3125	-2.214283228	11.4285717	27.86806107	133.9103241	39.30514526	-1.879737377	-0.795068324	0.422967762	65.26422882	42.37743759	60.08617783	59.17080307	28.89109421	65.11505127	729.4879761	5051.62801
92.3125	-1.760791898	13.79310322	26.74555779	102.2312469	53.14769745	-1.777508736	-0.754484832	0.424461961	65.0224762	43.01314545	84.97318268	65.11670685	30.91919708	66.08029938	729.4879761	5056.87801
92.375	-1.538576365	14.59854031	24.73489761	107.84375	37.34999847	-1.680000782	-0.697765768	0.415336579	68.71472931	41.56690598	80.95772552	55.41140366	27.58921623	61.91234589	729.4879761	5061.22801
92.6875	-1.270483971	17.56954575	24.58166885	145.6958313	43.15617752	-1.783593893	-0.699852943	0.392383575	67.57189178	41.29219055	65.42567444	59.45763779	33.46875	67.24402618	729.4879761	5065.33801
92.53125	-1.603353143	13.11475372	23.15639496	142.09375	46.70454407	-1.699542284	-0.66698885	0.392452061	66.824646	41.29673004	69.69741821	58.9031868	30.77454185	58.02856064	729.4879761	5068.75301
92.375	-1.548273087	15.7273922	26.81550026	92.32421875	50.66875076	-2.002824068	-0.786547482	0.392719209	66.05542755	42.02325439	75.90401459	61.09327316	31.94426537	61.98169327	729.4879761	5073.32801
93.28125	-1.387702346	15.56420231	23.7850914	151.2439423	48.52661896	-1.843516588	-0.703165829	0.381426364	66.0334549	41.53966522	72.61898041	58.0927887	35.69383621	61.14941025	729.4879761	5077.14301
93.34375	-1.221612334	16.50618935	22.2055645	134.0878143	45.62421799	-1.721962452	-0.658873439	0.382629395	63.6378746	41.61004639	65.66139984	59.78207779	30.76253319	64.22720337	729.4879761	5080.99801
93.4375	-1.722265244	13.59003353	25.77520752	129.8381348	44.86265182	-2.015291452	-0.764252722	0.379226893	61.02252579	41.90519714	73.19829559	59.47493362	29.07368088	67.70191956	729.4879761	5084.63301
93.3125	-1.551795125	15.8730154	27.12535477	119.98172	49.61647797	-2.119543552	-0.805850089	0.38019982	57.08851624	42.27299881	69.66822815	63.15375137	33.14419174	64.91156006	729.4879761	5089.04801
92.59375	-1.487207055	16.50618935	27.03334999	152.9516144	47.32578278	-2.15526557	-0.812106729	0.376801223	54.6709671	41.4670105	71.2833252	54.5370369	27.15725327	64.0670929	729.4879761	5092.82801
92.40625	-1.414670467	16.52892494	25.75025368	140.733551	46.31369019	-2.067071438	-0.792747855	0.383512557	52.7589035	40.95616913	66.35041809	57.20475388	27.48287201	71.34869385	729.4879761	5096.46301
92.625	-2.010094881	13.0718956	28.93588448	145.3968506	48.56714249	-2.3657372	-0.927627146	0.392109126	52.14352417	40.9539032	70.75505829	56.73469543	30.33814049	62.64129639	729.4879761	5100.09301
91.4375	-1.836577892	15.58441544	31.51965714	140.5056458	53.12316132	-2.713201761	-1.068835855	0.393938959	51.70397186	41.57598877	74.80245209	64.38652039	36.21105957	68.98306274	729.4879761	5104.68301
90.59375	-2.046883106	13.15789509	29.65931129	120.2511292	80.55249786	-2.561102152	-1.048947096	0.409568638	54.121521	41.78259659	106.746254	57.37700653	27.6336441	64.19168091	729.4879761	5108.53301
89.625	-1.866817951	15.40436459	31.66849136	146.015274	39.7890625	-2.771039486	-1.1513834	0.415505946	54.6709671	42.71572495	61.25241852	56.52132416	27.65808868	72.24193573	729.4879761	5113.09301
88.5625	-2.105136633	14.54545498	33.72012711	140.3200226	42.37074661	-2.850739717	-1.230591059	0.431674302	55.572052	42.76794052	63.87091446	59.57318115	30.84802055	75.71058655	729.4879761	5116.98801
88.375	-1.598683119	17.5182476	30.8414402	138.8782501	41.71722031	-2.592087984	-1.11423707	0.42986083	56.84675598	43.09260941	62.85221863	57.5424118	29.24293137	72.4656601	729.4879761	5121.11301
87.34375	-2.224010468	14.30274105	35.02980423	150.5715027	44.86997604	-3.007287025	-1.246590018	0.414523125	56.25335693	43.11758804	67.54272461	62.72146606	27.46419907	73.92926788	729.4879761	5124.53801
88.5	-2.044288158	15.42416477	34.72365189	100.0455399	78.60630035	-3.000948668	-1.209419489	0.403012395	56.51708984	43.24699783	84.75233459	65.04705048	32.78539276	70.51586914	729.4879761	5128.73301
88.625	-1.680476546	18.69158936	34.59077835	106.5664063	66.17475891	-3.001108408	-1.190695167	0.396751791	56.91268921	41.99147034	95.11048126	58.63989639	28.5234375	69.92245483	729.4879761	5132.62301
88.5	-1.68618536	17.26618767	32.06146622	150.0001831	44.90134048	-2.691647291	-1.103406668	0.409937322	58.0994873	41.81438065	67.72034454	58.2142868	31.69818115	70.72747803	729.4879761	5135.83301
88.375	-1.782123089	17.31601715	33.9834404	134.2832336	43.46744919	-2.864504099	-1.17493391	0.410170078	56.91268921	41.81665039	62.85050583	64.31678772	32.17824936	74.71125031	729.4879761	5139.30801
88.4375	-2.09294796	15	34.57254028	134.5150757	48.72447968	-2.861881018	-1.20880878	0.422382623	58.49508667	41.74626541	69.17147064	61.3813591	31.63614845	69.77118683	729.4879761	5142.77301
89.375	-1.632747889	19.32367134	34.74484634	127.5200043	69.4961853	-2.932599068	-1.230897069	0.419729054	58.03355789	42.57496262	76.95963287	63.2261734	33.63425827	74.8052597	729.4879761	5146.77301
89.4375	-1.351574421	19.57585716	29.13683319	151.5145416	56.65374756	-2.478771448	-1.030314207	0.415655196	58.80277634	42.152668	80.21912384	59.29362488	32.58390808	59.95981598	729.4879761	5149.87801
89.5	-1.795376658	17.09401703	33.79724503	144.9102936	48.83909988	-2.881243706	-1.190634251	0.413236231	58.42915344	42.25937653	69.81361389	60.83827591	33.26868057	73.29459381	729.4879761	5152.94301
89.34375	-1.60007441	18.6046505	32.78259277	132.2301178	72.0055542	-2.741547585	-1.15046525	0.419640809	58.27531052	42.32976151	83.13544464	66.24701691	36.7012291	66.76013184	729.4879761	5156.45301
89.34375	-1.590172648	18.32061005	32.08232498	150.9913025	60.62481308	-2.751022577	-1.113393068	0.40471971	56.2973175	42.61809921	83.3599472	63.31928635	35.51408768	62.7846756	729.4879761	5159.67801
89.65625	-1.882458329	15.7687254	32.68914413	136.5939026	33.11830521	-2.767956018	-1.127074122	0.407186419	58.42915344	41.76670074	69.34392548	61.28763962	29.29342079	66.93404388	729.4879761	5162.95301
89.3125	-2.042613983	14.20118332	31.94423294	126.8055878	72.06189728	-2.759921074	-1.098416805	0.397988498	57.92366791	42.33884048	81.78089142	66.54407501	34.20644379	69.51831055	729.4879761	5166.75801
89.375	-1.6468575	17.29106712	31.35880089	159.9660645	53.26988602	-2.730820179	-1.063109398	0.389300406	56.67093658	42.21623993	79.11037445	60.23753357	27.69786263	64.42069244	729.4879761	5170.98301
89.28125	-1.891521692	16.08579063	33.50698471	150.0274353	49.70833206	-2.851233721	-1.123314381	0.393974841	57.68191528	41.88703156	71.36692047	55.15221024	26.34462357	70.66099548	729.4879761	5174.45301
89.375	-1.365860462	19.48052025	29.30140877	140.2967529	41.48979187	-2.502539158	-0.972463846	0.388590872	56.82478333	41.77805328	75.95844269	55.72770309	28.79883957	70.50268555	729.4879761	5178.18301
89.375	-1.890540242	13.93728256	29.01654053	138.2666779	42.92137146	-2.471265554	-0.953688681	0.385911048	57.1984024	42.17991257	64.37203979	58.2445488	31.29999924	69.76231384	729.4879761	5181.26301
89.40625	-1.660377264	15.70680618	28.71945953	132.2246094	47.41109467	-2.440640688	-0.941209853	0.385640472	56.58302307	42.37743759	68.50318146	60.3690567	28.97571373	65.0027771	729.4879761	5185.56801
89.5	-1.47676897	18.23708153	29.65852165	131.8817139	44.99878693	-2.468793392	-0.970104098	0.392946661	56.05556488	42.4500885	65.87993622	58.36200714	29.42425919	67.66685486	729.4879761	5189.38801
89.34375	-1.624118209	15.95744705	28.54057121	122.9382782	44.06559753	-2.35458231	-0.924641311	0.392698646	56.82478333	42.50231171	64.13480377	57.76966476	31.07559395	67.5901413	729.4879761	5192.67801
88.375	-1.622312069	17.99100494	32.14189148	115.2470779	64.8125	-2.631978989	-1.026537061	0.390024781	58.07751846	42.04822922	71.46956635	62.33481979	32.93110275	67.49419403	729.4879761	5196.43801
88.5	-1.469065547	16.75977707	27.1138401	120.6575546	51.21484375	-2.288790226	-0.852387667	0.372418433	59.39617157	41.84843826	70.44382477	62.9583931	30.12155914	65.46379089	729.4879761	5199.77301
88.4375	-1.513282776	16.68984795	27.81340027	118.2658997	47.4921875	-2.424367905	-0.860275686	0.354845345	58.01158142	41.83254242	66.94632721	61.5078125	31.36677551	68.0687027	729.4879761	5203.35301
88.65625	-1.399116993	17.41654587	26.83475685	122.3611526	51.4998436	-2.405172348	-0.82592088	0.343393624	55.30831909	41.53739166	72.2305603	61.46891403	33.38015747	63.78930664	729.4879761	5206.94801
89.34375	-1.63320291	18.66251945	33.56541443	140.9251099	51.1171875	-3.060530424	-1.044083595	0.341144651	51.63803482	41.13553238	74.3614502	60.8863945	29.55857277	66.29988861	729.4879761	5210.39301
89.28125	-1.414850712	18.40490723	28.67648125	131.1069489	50.43435669	-2.666430473	-0.910283089	0.341386408	48.03368759	40.67010498	70.02309418	65.23682404	31.73913956	72.12869263	729.4879761	5213.60801
89.65625	-1.269735217	20.20202065	28.24812126	150.0863037	55.92765045	-2.775305271	-0.927319527	0.334132433	47.4842453	40.8630867	79.98927307	61.96492767	31.2200737	65.57342529	729.4879761	5216.86801
89.53125	-2.151779413	14.40576267	34.13623428	146.0704498	46.70783997	-3.318856716	-1.163727283	0.350641012	48.20951462	40.74048615	69.20233917	58.52370834	30.9798851	69.50482178	729.4879761	5219.83801
88.46875	-1.873988867	16.23815918	33.510849	101.1332932	58.90441132	-3.162483692	-1.201652408	0.379971087	47.87984848	41.84389496	77.95493317	63.2826004	33.38830948	74.76277924	729.4879761	5224.00301
87.375	-1.824249506	16.64355087	33.43581009	162.5147095	58.1784935	-3.117133856	-1.238270521	0.39724651	52.38528061	41.9029274	83.11234283	57.98107147	29.53517914	71.16791534	729.4879761	5227.69801
86.5625	-1.859879613	16.57458496	33.94760132	140.5402374	44.65372086	-3.184851646	-1.276277423	0.400733709	51.63803482	42.8814621	65.99170685	57.88989258	27.2994442	83.64309692	729.4879761	5231.30301
85.4375	-1.752621293	17.72525787	34.21072388	153.4484711	51.83961487	-3.300594568	-1.279580832	0.387681931	51.90177155	42.95638275	74.91178894	61.42679977	26.73814583	83.64028931	729.4879761	5234.92301
84.5	-2.011456728	16.30434799	36.11567688	100.1876068	38.91453552	-3.526674271	-1.333772182	0.378195465	50.4732132	43.21747971	80.04431152	57.63140488	27.91806984	77.01720428	729.4879761	5238.30801
84.5	-1.981327176	17.39130402	37.94634628	136.2729645	43.61952972	-3.723995686	-1.383351445	0.371469677	49.52817535	42.82697296	64.91194916	58.74198151	29.04545403	78.71318054	729.4879761	5241.98801
85.65625	-2.128562689	16.08579063	37.70600128	137.0654449	49.1071434	-3.749675274	-1.364655375	0.363939613	48.36335373	42.39786911	69.64532471	64.66010284	29.12134361	70.58065796	729.4879761	5245.43801
85.625	-2.301620007	14.49275398	36.73382568	130.6667175	49.87036896	-3.666588068	-1.334758639	0.364032894	47.59413528	42.14585495	70.10708618	68.39102936	34.0463562	80.22972107	729.4879761	5249.16801
85.40625	-1.947112799	17.64705849	37.83946991	171.2352142	50.2321434	-3.850376844	-1.392077446	0.361543179	47.04468918	42.32749176	74.66285706	62.61784744	30.52928352	71.80722809	729.4879761	5253.30801
85.375	-1.994012713	15.46391773	33.95698166	148.9217682	44.84218597	-3.586311579	-1.260904074	0.351587981	46.95677948	41.95968246	67.64117432	65.32453918	32.44153976	81.23723602	729.4879761	5256.70801
84.375	-2.321230173	16.68984795	42.66307831	100.4475479	53.79875183	-4.539330482	-1.598172784	0.352072358	45.85789871	42.34111404	78.84703064	61.700737	30.66861534	83.49620819	729.4879761	5260.58801
84.625	-2.362845659	16.41586876	42.71504593	80.36159515	46.07621765	-4.531877518	-1.61163795	0.35562256	47.02271271	42.22304916	73.14254761	60.20676422	28.25440407	81.99269104	729.4879761	5264.18301
84.5	-2.420558691	17.39130402	46.35850143	153.532074	46.73257065	-4.936013699	-1.760120869	0.356587529	47.11062622	42.35246277	70.09529114	63.39796066	30.27365494	82.10903931	729.4879761	5267.83801
83.71875	-2.339916468	16.59751129	42.76858902	153.8438721	49.3125	-4.495719433	-1.63792491	0.364329875	49.00070953	42.152668	71.6436615	65.08861542	32.43306732	82.71429443	729.4879761	5271.28801
83.5625	-2.39440918	16.62049866	43.82521439	160.2975311	44.3309288	-4.555071831	-1.696423888	0.372425288	49.33037567	42.06639481	68.38582611	61.49677277	30.54878998	77.11048126	729.4879761	5274.90301
82.71875	-2.371995211	17.21664238	44.97217178	145.8941345	42.90340805	-4.681928158	-1.757525921	0.375385076	47.02271271	42.64080429	64.16536713	62.84139633	29.87949562	81.49472046	729.4879761	5278.51301
82.375	-2.446536064	17.1428566	46.18664551	89.1882782	50.32738876	-4.78888607	-1.819826722	0.380010456	46.56118393	42.61355591	76.48924255	63.13700485	29.97483253	79.62830353	729.4879761	5281.99801
82.65625	-2.377678156	17.67304802	46.27497101	141.7228088	50.24736023	-4.822260857	-1.835421801	0.38061437	46.62711334	42.43192673	72.69418335	64.66999817	33.11212158	80.66559601	729.4879761	5285.49801
83.40625	-2.274557352	17.56954575	44.00875092	155.594101	52.47854996	-4.55230999	-1.74766624	0.383907557	46.8468895	41.82573318	76.35388184	64.92145538	33.37020874	82.64078522	729.4879761	5288.89301
83.4375	-2.366091967	17.69911575	46.11739731	147.3318787	48.96861649	-4.776072025	-1.828805923	0.382910043	46.23151779	42.10272217	71.50215149	66.86688232	31.72516632	79.86293793	729.4879761	5292.30801
83.65625	-2.558064938	17.64705849	49.71249008	151.2816315	48.93718719	-5.160300732	-1.962772131	0.380360037	47.06667328	42.55679703	72.71592712	65.86382294	30.55676079	80.76322174	729.4879761	5295.69801
82.71875	-2.577139139	17.04545403	48.37578583	132.8716583	46.31171799	-5.086747169	-1.896153808	0.372763515	46.40733719	42.39332962	73.5892868	63.30350876	31.54045296	87.55079651	729.4879761	5299.09801
82.75	-2.633011341	17.49271202	50.72143173	140.3833618	52.21865463	-5.323067665	-1.97670722	0.371347368	47.2205162	42.00963211	72.87548065	66.12072754	32.49106979	86.97272491	729.4879761	5302.61801
82.40625	-2.50045228	17.06970215	47.00305939	155.3260651	59.10485077	-4.922977924	-1.824891925	0.370688617	48.51720047	42.57496262	82.20207977	66.6158905	31.91212273	79.46753693	729.4879761	5306.04801
82.6875	-2.609605789	17.56954575	50.4913559	164.7515564	51.11741638	-5.252391338	-1.953309536	0.371889561	48.53918076	42.60901642	75.34441376	65.90519714	32.55021667	82.21891022	729.4879761	5309.56301
82.59375	-2.502769232	17.5182476	48.28287125	144.5069427	45.93499756	-4.921143532	-1.862525225	0.378474057	47.68204498	42.59085464	66.63835907	65.89900208	32.76736069	84.52449799	729.4879761	5312.97801
82.6875	-2.566304922	17.72525787	50.0936203	145.0902863	46.55859375	-4.723506451	-1.918840766	0.406232268	47.33040237	42.05731201	69.88505554	64.4524765	33.17349243	85.15861511	729.4879761	5316.40301
82.71875	-2.652128696	17.36613655	50.72002029	133.9447174	69.80978394	-4.167127132	-1.843870521	0.442480028	46.3194313	41.8075676	78.66016388	68.78593445	35.27075958	85.57517242	729.4879761	5319.78801
83.5625	-2.531370163	17.7514801	49.48480225	172.9337616	62.85872269	-3.186751366	-1.606266022	0.50404495	47.41831589	41.61231613	88.69424438	69.24021912	34.22128296	82.58782959	729.4879761	5323.24301
